before;3358531584;561651712;3927683899
after;10657087488;561651712;11226239803
