run|epoch|ts|lsn|checkpoints_timed|checkpoints_req|checkpoint_write_time|checkpoint_sync_time|buffers_checkpoint|buffers_clean|maxwritten_clean|buffers_backend|buffers_backend_fsync|buffers_alloc|stats_reset
1|1662490158.524613|2022-09-06 20:49:18.524613+02|3/53052000|4|2|2492167|2539|283851|167250|967|1135632|0|287509|2022-09-06 19:46:56.032457+02
1|1662490159.598058|2022-09-06 20:49:19.598058+02|3/530536F8|4|2|2492167|2539|283851|167350|968|1135632|0|417710|2022-09-06 19:46:56.032457+02
2|1662490160.681180|2022-09-06 20:49:20.68118+02|3/530536F8|4|2|2492167|2539|283851|167750|972|1135632|0|511917|2022-09-06 19:46:56.032457+02
3|1662490161.769885|2022-09-06 20:49:21.769885+02|3/530536F8|4|2|2492167|2539|283851|167962|973|1135632|0|609906|2022-09-06 19:46:56.032457+02
4|1662490162.861462|2022-09-06 20:49:22.861462+02|3/530536F8|4|2|2492167|2539|283851|167983|973|1135632|0|727940|2022-09-06 19:46:56.032457+02
5|1662490163.964630|2022-09-06 20:49:23.96463+02|3/530536F8|4|2|2492167|2539|283851|167983|973|1135632|0|827073|2022-09-06 19:46:56.032457+02
6|1662490165.035738|2022-09-06 20:49:25.035738+02|3/530536F8|4|2|2492167|2539|283851|167983|973|1135632|0|947813|2022-09-06 19:46:56.032457+02
7|1662490166.118019|2022-09-06 20:49:26.118019+02|3/530536F8|4|2|2492167|2539|283851|167999|973|1135632|0|1049938|2022-09-06 19:46:56.032457+02
8|1662490167.201930|2022-09-06 20:49:27.20193+02|3/53053730|4|2|2492167|2539|283851|167999|973|1135632|0|1153496|2022-09-06 19:46:56.032457+02
9|1662490168.292157|2022-09-06 20:49:28.292157+02|3/53053730|4|2|2492167|2539|283851|168024|973|1135632|0|1277458|2022-09-06 19:46:56.032457+02
10|1662490169.394390|2022-09-06 20:49:29.39439+02|3/53053730|4|2|2492167|2539|283851|168024|973|1135632|0|1381551|2022-09-06 19:46:56.032457+02
11|1662490170.484003|2022-09-06 20:49:30.484003+02|3/53053730|4|2|2492167|2539|283851|168024|973|1135632|0|1506548|2022-09-06 19:46:56.032457+02
12|1662490171.587816|2022-09-06 20:49:31.587816+02|3/53053730|4|2|2492167|2539|283851|168024|973|1135632|0|1610682|2022-09-06 19:46:56.032457+02
13|1662490172.669791|2022-09-06 20:49:32.669791+02|3/53053730|4|2|2492167|2539|283851|168024|973|1135632|0|1715530|2022-09-06 19:46:56.032457+02
14|1662490173.750634|2022-09-06 20:49:33.750634+02|3/53053730|4|2|2492167|2539|283851|168024|973|1135632|0|1840423|2022-09-06 19:46:56.032457+02
15|1662490174.837831|2022-09-06 20:49:34.837831+02|3/53053730|4|2|2492167|2539|283851|168024|973|1135632|0|1945441|2022-09-06 19:46:56.032457+02
16|1662490175.903354|2022-09-06 20:49:35.903354+02|3/53053730|4|2|2492167|2539|283851|168024|973|1135632|0|2070010|2022-09-06 19:46:56.032457+02
17|1662490177.010213|2022-09-06 20:49:37.010213+02|3/53053730|4|2|2492167|2539|283851|168024|973|1135632|0|2175866|2022-09-06 19:46:56.032457+02
18|1662490178.114514|2022-09-06 20:49:38.114514+02|3/53053730|4|2|2492167|2539|283851|168024|973|1135632|0|2301643|2022-09-06 19:46:56.032457+02
19|1662490179.221218|2022-09-06 20:49:39.221218+02|3/53053730|4|2|2492167|2539|283851|168024|973|1135632|0|2406641|2022-09-06 19:46:56.032457+02
20|1662490180.327933|2022-09-06 20:49:40.327933+02|3/53053730|4|2|2492167|2539|283851|168024|973|1135632|0|2531670|2022-09-06 19:46:56.032457+02
21|1662490181.439775|2022-09-06 20:49:41.439775+02|3/53053730|4|2|2492167|2539|283851|168024|973|1135632|0|2636695|2022-09-06 19:46:56.032457+02
22|1662490182.548634|2022-09-06 20:49:42.548634+02|3/53053730|4|2|2492167|2539|283851|168024|973|1135632|0|2762039|2022-09-06 19:46:56.032457+02
23|1662490183.604925|2022-09-06 20:49:43.604925+02|3/53053730|4|2|2492167|2539|283851|168024|973|1135632|0|2867000|2022-09-06 19:46:56.032457+02
24|1662490184.682008|2022-09-06 20:49:44.682008+02|3/53053730|4|2|2492167|2539|283851|168024|973|1135632|0|2972393|2022-09-06 19:46:56.032457+02
25|1662490185.740393|2022-09-06 20:49:45.740393+02|3/53053730|4|2|2492167|2539|283851|168024|973|1135632|0|3078383|2022-09-06 19:46:56.032457+02
26|1662490186.808252|2022-09-06 20:49:46.808252+02|3/53053730|4|2|2492167|2539|283851|168024|973|1135632|0|3204895|2022-09-06 19:46:56.032457+02
27|1662490187.901523|2022-09-06 20:49:47.901523+02|3/53053730|4|2|2492167|2539|283851|168024|973|1135632|0|3313664|2022-09-06 19:46:56.032457+02
28|1662490188.993804|2022-09-06 20:49:48.993804+02|3/53053730|4|2|2492167|2539|283851|168024|973|1135632|0|3435313|2022-09-06 19:46:56.032457+02
29|1662490190.102601|2022-09-06 20:49:50.102601+02|3/53053730|4|2|2492167|2539|283851|168024|973|1135632|0|3540230|2022-09-06 19:46:56.032457+02
30|1662490191.210727|2022-09-06 20:49:51.210727+02|3/53053730|4|2|2492167|2539|283851|168024|973|1135632|0|3665882|2022-09-06 19:46:56.032457+02
31|1662490192.286936|2022-09-06 20:49:52.286936+02|3/53053730|4|2|2492167|2539|283851|168024|973|1135632|0|3770509|2022-09-06 19:46:56.032457+02
32|1662490193.380926|2022-09-06 20:49:53.380926+02|3/53053730|4|2|2492167|2539|283851|168024|973|1135632|0|3876560|2022-09-06 19:46:56.032457+02
33|1662490194.459108|2022-09-06 20:49:54.459108+02|3/53053730|4|2|2492167|2539|283851|168024|973|1135632|0|4002756|2022-09-06 19:46:56.032457+02
34|1662490195.543103|2022-09-06 20:49:55.543103+02|3/53053730|4|2|2492167|2539|283851|168024|973|1135632|0|4107836|2022-09-06 19:46:56.032457+02
35|1662490196.630111|2022-09-06 20:49:56.630111+02|3/53053730|4|2|2492167|2539|283851|168024|973|1135632|0|4213003|2022-09-06 19:46:56.032457+02
36|1662490197.737482|2022-09-06 20:49:57.737482+02|3/53053730|4|2|2492167|2539|283851|168024|973|1135632|0|4339116|2022-09-06 19:46:56.032457+02
37|1662490198.807723|2022-09-06 20:49:58.807723+02|3/53053730|4|2|2492167|2539|283851|168024|973|1135632|0|4444157|2022-09-06 19:46:56.032457+02
38|1662490199.863005|2022-09-06 20:49:59.863005+02|3/53053730|4|2|2492167|2539|283851|168024|973|1135632|0|4570793|2022-09-06 19:46:56.032457+02
39|1662490200.935112|2022-09-06 20:50:00.935112+02|3/53053730|4|2|2492167|2539|283851|168024|973|1135632|0|4675897|2022-09-06 19:46:56.032457+02
40|1662490202.033215|2022-09-06 20:50:02.033215+02|3/53053730|4|2|2492167|2539|283851|168024|973|1135632|0|4781295|2022-09-06 19:46:56.032457+02
41|1662490203.124373|2022-09-06 20:50:03.124373+02|3/53053730|4|2|2492167|2539|283851|168024|973|1135632|0|4907568|2022-09-06 19:46:56.032457+02
42|1662490204.194854|2022-09-06 20:50:04.194854+02|3/53053730|4|2|2492167|2539|283851|168024|973|1135632|0|5013373|2022-09-06 19:46:56.032457+02
43|1662490205.309240|2022-09-06 20:50:05.30924+02|3/53053730|4|2|2492167|2539|283851|168024|973|1135632|0|5140147|2022-09-06 19:46:56.032457+02
44|1662490206.369182|2022-09-06 20:50:06.369182+02|3/53053730|4|2|2492167|2539|283851|168024|973|1135632|0|5245259|2022-09-06 19:46:56.032457+02
45|1662490207.433055|2022-09-06 20:50:07.433055+02|3/53053730|4|2|2492167|2539|283851|168024|973|1135632|0|5351386|2022-09-06 19:46:56.032457+02
46|1662490208.535406|2022-09-06 20:50:08.535406+02|3/53053730|4|2|2492167|2539|283851|168024|973|1135632|0|5478339|2022-09-06 19:46:56.032457+02
47|1662490209.618001|2022-09-06 20:50:09.618001+02|3/53053730|4|2|2492167|2539|283851|168024|973|1135632|0|5584880|2022-09-06 19:46:56.032457+02
48|1662490210.703836|2022-09-06 20:50:10.703836+02|3/53053730|4|2|2492167|2539|283851|168024|973|1135632|0|5691627|2022-09-06 19:46:56.032457+02
49|1662490211.817032|2022-09-06 20:50:11.817032+02|3/53053730|4|2|2492167|2539|283851|168024|973|1135632|0|5820285|2022-09-06 19:46:56.032457+02
50|1662490212.914440|2022-09-06 20:50:12.91444+02|3/53053730|4|2|2492167|2539|283851|168024|973|1135632|0|5925309|2022-09-06 19:46:56.032457+02
51|1662490214.023331|2022-09-06 20:50:14.023331+02|3/53053730|4|2|2492167|2539|283851|168024|973|1135632|0|6052406|2022-09-06 19:46:56.032457+02
52|1662490215.134938|2022-09-06 20:50:15.134938+02|3/53053730|4|2|2492167|2539|283851|168024|973|1135632|0|6158419|2022-09-06 19:46:56.032457+02
53|1662490216.218901|2022-09-06 20:50:16.218901+02|3/53053730|4|2|2492167|2539|283851|168024|973|1135632|0|6285694|2022-09-06 19:46:56.032457+02
54|1662490217.322565|2022-09-06 20:50:17.322565+02|3/53053730|4|2|2492167|2539|283851|168024|973|1135632|0|6391710|2022-09-06 19:46:56.032457+02
55|1662490218.398320|2022-09-06 20:50:18.39832+02|3/53053730|4|2|2492167|2539|283851|168024|973|1135632|0|6519478|2022-09-06 19:46:56.032457+02
56|1662490219.475674|2022-09-06 20:50:19.475674+02|3/53053730|4|2|2492167|2539|283851|168024|973|1135632|0|6624297|2022-09-06 19:46:56.032457+02
57|1662490220.572940|2022-09-06 20:50:20.57294+02|3/53053730|4|2|2492167|2539|283851|168024|973|1135632|0|6730113|2022-09-06 19:46:56.032457+02
58|1662490221.652704|2022-09-06 20:50:21.652704+02|3/53053730|4|2|2492167|2539|283851|168024|973|1135632|0|6856409|2022-09-06 19:46:56.032457+02
59|1662490222.754705|2022-09-06 20:50:22.754705+02|3/53053730|4|2|2492167|2539|283851|168024|973|1135632|0|6962163|2022-09-06 19:46:56.032457+02
60|1662490223.831123|2022-09-06 20:50:23.831123+02|3/53053730|4|2|2492167|2539|283851|168024|973|1135632|0|7089331|2022-09-06 19:46:56.032457+02
61|1662490224.946342|2022-09-06 20:50:24.946342+02|3/53053730|4|2|2492167|2539|283851|168024|973|1135632|0|7195839|2022-09-06 19:46:56.032457+02
62|1662490226.050821|2022-09-06 20:50:26.050821+02|3/53053730|4|2|2492167|2539|283851|168024|973|1135632|0|7322680|2022-09-06 19:46:56.032457+02
63|1662490227.152349|2022-09-06 20:50:27.152349+02|3/53053730|4|2|2492167|2539|283851|168024|973|1135632|0|7427997|2022-09-06 19:46:56.032457+02
64|1662490228.247632|2022-09-06 20:50:28.247632+02|3/53053730|4|2|2492167|2539|283851|168024|973|1135632|0|7554772|2022-09-06 19:46:56.032457+02
65|1662490229.352265|2022-09-06 20:50:29.352265+02|3/53053730|4|2|2492167|2539|283851|168024|973|1135632|0|7660097|2022-09-06 19:46:56.032457+02
66|1662490230.444551|2022-09-06 20:50:30.444551+02|3/53053730|4|2|2492167|2539|283851|168024|973|1135632|0|7766748|2022-09-06 19:46:56.032457+02
67|1662490231.512824|2022-09-06 20:50:31.512824+02|3/53053730|4|2|2492167|2539|283851|168024|973|1135632|0|7894757|2022-09-06 19:46:56.032457+02
68|1662490232.610231|2022-09-06 20:50:32.610231+02|3/53053730|4|2|2492167|2539|283851|168024|973|1135632|0|8002042|2022-09-06 19:46:56.032457+02
69|1662490233.722739|2022-09-06 20:50:33.722739+02|3/53053730|4|2|2492167|2539|283851|168024|973|1135632|0|8129186|2022-09-06 19:46:56.032457+02
70|1662490234.815582|2022-09-06 20:50:34.815582+02|3/53053730|4|2|2492167|2539|283851|168024|973|1135632|0|8235397|2022-09-06 19:46:56.032457+02
71|1662490235.896124|2022-09-06 20:50:35.896124+02|3/53053730|4|2|2492167|2539|283851|168024|973|1135632|0|8362594|2022-09-06 19:46:56.032457+02
72|1662490236.992886|2022-09-06 20:50:36.992886+02|3/53053730|4|2|2492167|2539|283851|168024|973|1135632|0|8468760|2022-09-06 19:46:56.032457+02
73|1662490238.099896|2022-09-06 20:50:38.099896+02|3/53053730|4|2|2492167|2539|283851|168024|973|1135632|0|8574854|2022-09-06 19:46:56.032457+02
74|1662490239.185613|2022-09-06 20:50:39.185613+02|3/53053730|4|2|2492167|2539|283851|168024|973|1135632|0|8702275|2022-09-06 19:46:56.032457+02
75|1662490240.280516|2022-09-06 20:50:40.280516+02|3/53053730|4|2|2492167|2539|283851|168024|973|1135632|0|8808727|2022-09-06 19:46:56.032457+02
76|1662490241.345580|2022-09-06 20:50:41.34558+02|3/53053730|4|2|2492167|2539|283851|168024|973|1135632|0|8935539|2022-09-06 19:46:56.032457+02
77|1662490242.446507|2022-09-06 20:50:42.446507+02|3/53053730|4|2|2492167|2539|283851|168024|973|1135632|0|9041235|2022-09-06 19:46:56.032457+02
78|1662490243.549180|2022-09-06 20:50:43.54918+02|3/53053730|4|2|2492167|2539|283851|168024|973|1135632|0|9167076|2022-09-06 19:46:56.032457+02
79|1662490244.661380|2022-09-06 20:50:44.66138+02|3/53053730|4|2|2492167|2539|283851|168024|973|1135632|0|9272611|2022-09-06 19:46:56.032457+02
80|1662490245.745835|2022-09-06 20:50:45.745835+02|3/53053730|4|2|2492167|2539|283851|168024|973|1135632|0|9378327|2022-09-06 19:46:56.032457+02
81|1662490246.859145|2022-09-06 20:50:46.859145+02|3/53053730|4|2|2492167|2539|283851|168024|973|1135632|0|9505390|2022-09-06 19:46:56.032457+02
82|1662490247.953168|2022-09-06 20:50:47.953168+02|3/53053730|4|2|2492167|2539|283851|168024|973|1135632|0|9611025|2022-09-06 19:46:56.032457+02
83|1662490249.059248|2022-09-06 20:50:49.059248+02|3/53053730|4|2|2492167|2539|283851|168024|973|1135632|0|9737790|2022-09-06 19:46:56.032457+02
84|1662490250.145660|2022-09-06 20:50:50.14566+02|3/53053730|4|2|2492167|2539|283851|168024|973|1135632|0|9843375|2022-09-06 19:46:56.032457+02
85|1662490251.226881|2022-09-06 20:50:51.226881+02|3/53053730|4|2|2492167|2539|283851|168024|973|1135632|0|9969281|2022-09-06 19:46:56.032457+02
86|1662490252.322659|2022-09-06 20:50:52.322659+02|3/53053730|4|2|2492167|2539|283851|168024|973|1135632|0|10074410|2022-09-06 19:46:56.032457+02
87|1662490253.420969|2022-09-06 20:50:53.420969+02|3/53053730|4|2|2492167|2539|283851|168024|973|1135632|0|10200932|2022-09-06 19:46:56.032457+02
88|1662490254.514910|2022-09-06 20:50:54.51491+02|3/53053730|4|2|2492167|2539|283851|168024|973|1135632|0|10309420|2022-09-06 19:46:56.032457+02
89|1662490255.604149|2022-09-06 20:50:55.604149+02|3/53053730|4|2|2492167|2539|283851|168024|973|1135632|0|10415342|2022-09-06 19:46:56.032457+02
90|1662490256.698401|2022-09-06 20:50:56.698401+02|3/53053730|4|2|2492167|2539|283851|168024|973|1135632|0|10543339|2022-09-06 19:46:56.032457+02
91|1662490257.775568|2022-09-06 20:50:57.775568+02|3/53053730|4|2|2492167|2539|283851|168024|973|1135632|0|10650705|2022-09-06 19:46:56.032457+02
92|1662490258.884649|2022-09-06 20:50:58.884649+02|3/53053730|4|2|2492167|2539|283851|168024|973|1135632|0|10776888|2022-09-06 19:46:56.032457+02
93|1662490259.986383|2022-09-06 20:50:59.986383+02|3/53053730|4|2|2492167|2539|283851|168024|973|1135632|0|10882628|2022-09-06 19:46:56.032457+02
94|1662490261.076191|2022-09-06 20:51:01.076191+02|3/53053730|4|2|2492167|2539|283851|168024|973|1135632|0|11009855|2022-09-06 19:46:56.032457+02
95|1662490262.172307|2022-09-06 20:51:02.172307+02|3/53053730|4|2|2492167|2539|283851|168024|973|1135632|0|11115071|2022-09-06 19:46:56.032457+02
96|1662490263.246123|2022-09-06 20:51:03.246123+02|3/53053730|4|2|2492167|2539|283851|168024|973|1135632|0|11221085|2022-09-06 19:46:56.032457+02
97|1662490264.346767|2022-09-06 20:51:04.346767+02|3/53053730|4|2|2492167|2539|283851|168024|973|1135632|0|11347621|2022-09-06 19:46:56.032457+02
98|1662490265.422655|2022-09-06 20:51:05.422655+02|3/53053730|4|2|2492167|2539|283851|168024|973|1135632|0|11452448|2022-09-06 19:46:56.032457+02
99|1662490266.521274|2022-09-06 20:51:06.521274+02|3/53053730|4|2|2492167|2539|283851|168024|973|1135632|0|11578098|2022-09-06 19:46:56.032457+02
100|1662490267.618972|2022-09-06 20:51:07.618972+02|3/53053730|4|2|2492167|2539|283851|168024|973|1135632|0|11684616|2022-09-06 19:46:56.032457+02
101|1662490268.681668|2022-09-06 20:51:08.681668+02|3/53053730|4|2|2492167|2539|283851|168024|973|1135632|0|11790430|2022-09-06 19:46:56.032457+02
102|1662490269.777841|2022-09-06 20:51:09.777841+02|3/53053730|4|2|2492167|2539|283851|168024|973|1135632|0|11917879|2022-09-06 19:46:56.032457+02
103|1662490270.872202|2022-09-06 20:51:10.872202+02|3/53053730|4|2|2492167|2539|283851|168024|973|1135632|0|12022778|2022-09-06 19:46:56.032457+02
104|1662490271.963511|2022-09-06 20:51:11.963511+02|3/53053730|4|2|2492167|2539|283851|168024|973|1135632|0|12150432|2022-09-06 19:46:56.032457+02
105|1662490273.067535|2022-09-06 20:51:13.067535+02|3/53053730|4|2|2492167|2539|283851|168024|973|1135632|0|12256520|2022-09-06 19:46:56.032457+02
106|1662490274.132817|2022-09-06 20:51:14.132817+02|3/53053730|4|2|2492167|2539|283851|168024|973|1135632|0|12361716|2022-09-06 19:46:56.032457+02
107|1662490275.223066|2022-09-06 20:51:15.223066+02|3/53053730|4|2|2492167|2539|283851|168024|973|1135632|0|12488549|2022-09-06 19:46:56.032457+02
108|1662490276.318557|2022-09-06 20:51:16.318557+02|3/53053730|4|2|2492167|2539|283851|168024|973|1135632|0|12594753|2022-09-06 19:46:56.032457+02
109|1662490277.412227|2022-09-06 20:51:17.412227+02|3/53053730|4|2|2492167|2539|283851|168024|973|1135632|0|12722833|2022-09-06 19:46:56.032457+02
110|1662490278.516660|2022-09-06 20:51:18.51666+02|3/53053730|4|2|2492167|2539|283851|168024|973|1135632|0|12829991|2022-09-06 19:46:56.032457+02
111|1662490279.610433|2022-09-06 20:51:19.610433+02|3/53053730|4|2|2492167|2539|283851|168024|973|1135632|0|12957383|2022-09-06 19:46:56.032457+02
112|1662490280.702577|2022-09-06 20:51:20.702577+02|3/53053730|4|2|2492167|2539|283851|168024|973|1135632|0|13063954|2022-09-06 19:46:56.032457+02
113|1662490281.781264|2022-09-06 20:51:21.781264+02|3/53053730|4|2|2492167|2539|283851|168024|973|1135632|0|13169884|2022-09-06 19:46:56.032457+02
114|1662490282.843490|2022-09-06 20:51:22.84349+02|3/53053730|4|2|2492167|2539|283851|168024|973|1135632|0|13297010|2022-09-06 19:46:56.032457+02
115|1662490283.958558|2022-09-06 20:51:23.958558+02|3/53053730|4|2|2492167|2539|283851|168024|973|1135632|0|13403567|2022-09-06 19:46:56.032457+02
116|1662490285.050323|2022-09-06 20:51:25.050323+02|3/53053730|4|2|2492167|2539|283851|168024|973|1135632|0|13530375|2022-09-06 19:46:56.032457+02
117|1662490286.120272|2022-09-06 20:51:26.120272+02|3/53053730|4|2|2492167|2539|283851|168024|973|1135632|0|13635246|2022-09-06 19:46:56.032457+02
118|1662490287.205377|2022-09-06 20:51:27.205377+02|3/53053730|4|2|2492167|2539|283851|168024|973|1135632|0|13740349|2022-09-06 19:46:56.032457+02
119|1662490288.277036|2022-09-06 20:51:28.277036+02|3/53053730|4|2|2492167|2539|283851|168024|973|1135632|0|13867284|2022-09-06 19:46:56.032457+02
120|1662490289.357514|2022-09-06 20:51:29.357514+02|3/53053730|4|2|2492167|2539|283851|168024|973|1135632|0|13972349|2022-09-06 19:46:56.032457+02
121|1662490290.439484|2022-09-06 20:51:30.439484+02|3/53053730|4|2|2492167|2539|283851|168024|973|1135632|0|14077487|2022-09-06 19:46:56.032457+02
122|1662490291.501971|2022-09-06 20:51:31.501971+02|3/53053730|4|2|2492167|2539|283851|168024|973|1135632|0|14203496|2022-09-06 19:46:56.032457+02
123|1662490292.586712|2022-09-06 20:51:32.586712+02|3/53053730|4|2|2492167|2539|283851|168024|973|1135632|0|14309206|2022-09-06 19:46:56.032457+02
124|1662490293.670756|2022-09-06 20:51:33.670756+02|3/53053730|4|2|2492167|2539|283851|168024|973|1135632|0|14414770|2022-09-06 19:46:56.032457+02
125|1662490294.743371|2022-09-06 20:51:34.743371+02|3/53053730|4|2|2492167|2539|283851|168024|973|1135632|0|14541853|2022-09-06 19:46:56.032457+02
126|1662490295.842011|2022-09-06 20:51:35.842011+02|3/53053730|4|2|2492167|2539|283851|168024|973|1135632|0|14647817|2022-09-06 19:46:56.032457+02
127|1662490296.943815|2022-09-06 20:51:36.943815+02|3/53053730|4|2|2492167|2539|283851|168024|973|1135632|0|14775645|2022-09-06 19:46:56.032457+02
128|1662490298.039060|2022-09-06 20:51:38.03906+02|3/53053730|4|2|2492167|2539|283851|168024|973|1135632|0|14881303|2022-09-06 19:46:56.032457+02
129|1662490299.114873|2022-09-06 20:51:39.114873+02|3/53053730|4|2|2492167|2539|283851|168024|973|1135632|0|15008609|2022-09-06 19:46:56.032457+02
130|1662490300.226882|2022-09-06 20:51:40.226882+02|3/53053730|4|2|2492167|2539|283851|168024|973|1135632|0|15114947|2022-09-06 19:46:56.032457+02
131|1662490301.308927|2022-09-06 20:51:41.308927+02|3/53053730|4|2|2492167|2539|283851|168024|973|1135632|0|15220808|2022-09-06 19:46:56.032457+02
132|1662490302.401974|2022-09-06 20:51:42.401974+02|3/53053730|4|2|2492167|2539|283851|168024|973|1135632|0|15347617|2022-09-06 19:46:56.032457+02
133|1662490303.482568|2022-09-06 20:51:43.482568+02|3/53053730|4|2|2492167|2539|283851|168024|973|1135632|0|15453186|2022-09-06 19:46:56.032457+02
134|1662490304.568450|2022-09-06 20:51:44.56845+02|3/53053730|4|2|2492167|2539|283851|168024|973|1135632|0|15579278|2022-09-06 19:46:56.032457+02
135|1662490305.664455|2022-09-06 20:51:45.664455+02|3/53053730|4|2|2492167|2539|283851|168024|973|1135632|0|15685038|2022-09-06 19:46:56.032457+02
136|1662490306.732060|2022-09-06 20:51:46.73206+02|3/53053730|4|2|2492167|2539|283851|168024|973|1135632|0|15790220|2022-09-06 19:46:56.032457+02
137|1662490307.835558|2022-09-06 20:51:47.835558+02|3/53053730|4|2|2492167|2539|283851|168024|973|1135632|0|15916853|2022-09-06 19:46:56.032457+02
138|1662490308.943575|2022-09-06 20:51:48.943575+02|3/53053730|4|2|2492167|2539|283851|168024|973|1135632|0|16023578|2022-09-06 19:46:56.032457+02
139|1662490310.006484|2022-09-06 20:51:50.006484+02|3/53053730|4|2|2492167|2539|283851|168024|973|1135632|0|16150498|2022-09-06 19:46:56.032457+02
140|1662490311.088637|2022-09-06 20:51:51.088637+02|3/53053730|4|2|2492167|2539|283851|168024|973|1135632|0|16256221|2022-09-06 19:46:56.032457+02
141|1662490312.172588|2022-09-06 20:51:52.172588+02|3/53053730|4|2|2492167|2539|283851|168024|973|1135632|0|16361439|2022-09-06 19:46:56.032457+02
142|1662490313.269555|2022-09-06 20:51:53.269555+02|3/53053730|4|2|2492167|2539|283851|168024|973|1135632|0|16487445|2022-09-06 19:46:56.032457+02
143|1662490314.360007|2022-09-06 20:51:54.360007+02|3/53053730|4|2|2492167|2539|283851|168024|973|1135632|0|16594174|2022-09-06 19:46:56.032457+02
144|1662490315.467918|2022-09-06 20:51:55.467918+02|3/53053730|4|2|2492167|2539|283851|168024|973|1135632|0|16721802|2022-09-06 19:46:56.032457+02
145|1662490316.580011|2022-09-06 20:51:56.580011+02|3/53053730|4|2|2492167|2539|283851|168024|973|1135632|0|16825970|2022-09-06 19:46:56.032457+02
146|1662490317.680386|2022-09-06 20:51:57.680386+02|3/53053730|4|2|2492167|2539|283851|168024|973|1135632|0|16953067|2022-09-06 19:46:56.032457+02
147|1662490318.797446|2022-09-06 20:51:58.797446+02|3/53053730|4|2|2492167|2539|283851|168024|973|1135632|0|17058597|2022-09-06 19:46:56.032457+02
148|1662490319.901663|2022-09-06 20:51:59.901663+02|3/53053730|4|2|2492167|2539|283851|168024|973|1135632|0|17185506|2022-09-06 19:46:56.032457+02
149|1662490320.974698|2022-09-06 20:52:00.974698+02|3/53053730|4|2|2492167|2539|283851|168024|973|1135632|0|17291033|2022-09-06 19:46:56.032457+02
150|1662490322.064412|2022-09-06 20:52:02.064412+02|3/53053730|4|2|2492167|2539|283851|168024|973|1135632|0|17396446|2022-09-06 19:46:56.032457+02
151|1662490323.143659|2022-09-06 20:52:03.143659+02|3/53053730|4|2|2492167|2539|283851|168024|973|1135632|0|17523184|2022-09-06 19:46:56.032457+02
152|1662490324.214138|2022-09-06 20:52:04.214138+02|3/53053730|4|2|2492167|2539|283851|168024|973|1135632|0|17628694|2022-09-06 19:46:56.032457+02
153|1662490325.312181|2022-09-06 20:52:05.312181+02|3/53053730|4|2|2492167|2539|283851|168024|973|1135632|0|17757033|2022-09-06 19:46:56.032457+02
154|1662490326.408612|2022-09-06 20:52:06.408612+02|3/53053730|4|2|2492167|2539|283851|168024|973|1135632|0|17865098|2022-09-06 19:46:56.032457+02
155|1662490327.520096|2022-09-06 20:52:07.520096+02|3/53053730|4|2|2492167|2539|283851|168024|973|1135632|0|17990996|2022-09-06 19:46:56.032457+02
156|1662490328.617962|2022-09-06 20:52:08.617962+02|3/53053730|4|2|2492167|2539|283851|168024|973|1135632|0|18098712|2022-09-06 19:46:56.032457+02
157|1662490329.718259|2022-09-06 20:52:09.718259+02|3/53053730|4|2|2492167|2539|283851|168024|973|1135632|0|18204804|2022-09-06 19:46:56.032457+02
158|1662490330.807487|2022-09-06 20:52:10.807487+02|3/53053730|4|2|2492167|2539|283851|168024|973|1135632|0|18331845|2022-09-06 19:46:56.032457+02
159|1662490331.907675|2022-09-06 20:52:11.907675+02|3/53053730|4|2|2492167|2539|283851|168024|973|1135632|0|18438042|2022-09-06 19:46:56.032457+02
160|1662490332.990340|2022-09-06 20:52:12.99034+02|3/53053730|4|2|2492167|2539|283851|168024|973|1135632|0|18565850|2022-09-06 19:46:56.032457+02
161|1662490334.100843|2022-09-06 20:52:14.100843+02|3/53053730|4|2|2492167|2539|283851|168024|973|1135632|0|18670510|2022-09-06 19:46:56.032457+02
162|1662490335.182101|2022-09-06 20:52:15.182101+02|3/53053730|4|2|2492167|2539|283851|168024|973|1135632|0|18797778|2022-09-06 19:46:56.032457+02
163|1662490336.251332|2022-09-06 20:52:16.251332+02|3/53053730|4|2|2492167|2539|283851|168024|973|1135632|0|18902845|2022-09-06 19:46:56.032457+02
164|1662490337.341726|2022-09-06 20:52:17.341726+02|3/53053730|4|2|2492167|2539|283851|168024|973|1135632|0|19008628|2022-09-06 19:46:56.032457+02
165|1662490338.441339|2022-09-06 20:52:18.441339+02|3/53053730|4|2|2492167|2539|283851|168024|973|1135632|0|19135308|2022-09-06 19:46:56.032457+02
166|1662490339.524219|2022-09-06 20:52:19.524219+02|3/53053730|4|2|2492167|2539|283851|168024|973|1135632|0|19240098|2022-09-06 19:46:56.032457+02
167|1662490340.621464|2022-09-06 20:52:20.621464+02|3/53053730|4|2|2492167|2539|283851|168024|973|1135632|0|19366256|2022-09-06 19:46:56.032457+02
168|1662490341.716877|2022-09-06 20:52:21.716877+02|3/53053730|4|2|2492167|2539|283851|168024|973|1135632|0|19472314|2022-09-06 19:46:56.032457+02
169|1662490342.816013|2022-09-06 20:52:22.816013+02|3/53053730|4|2|2492167|2539|283851|168024|973|1135632|0|19599893|2022-09-06 19:46:56.032457+02
170|1662490343.925725|2022-09-06 20:52:23.925725+02|3/53053730|4|2|2492167|2539|283851|168024|973|1135632|0|19708929|2022-09-06 19:46:56.032457+02
171|1662490345.013266|2022-09-06 20:52:25.013266+02|3/53053730|4|2|2492167|2539|283851|168024|973|1135632|0|19815204|2022-09-06 19:46:56.032457+02
172|1662490346.084876|2022-09-06 20:52:26.084876+02|3/53053730|4|2|2492167|2539|283851|168024|973|1135632|0|19941666|2022-09-06 19:46:56.032457+02
173|1662490347.180761|2022-09-06 20:52:27.180761+02|3/53053730|4|2|2492167|2539|283851|168024|973|1135632|0|20047486|2022-09-06 19:46:56.032457+02
174|1662490348.266818|2022-09-06 20:52:28.266818+02|3/53053730|4|2|2492167|2539|283851|168024|973|1135632|0|20173912|2022-09-06 19:46:56.032457+02
175|1662490349.348119|2022-09-06 20:52:29.348119+02|3/53053730|4|2|2492167|2539|283851|168024|973|1135632|0|20279274|2022-09-06 19:46:56.032457+02
176|1662490350.431988|2022-09-06 20:52:30.431988+02|3/53053730|4|2|2492167|2539|283851|168024|973|1135632|0|20384979|2022-09-06 19:46:56.032457+02
177|1662490351.511339|2022-09-06 20:52:31.511339+02|3/53053730|4|2|2492167|2539|283851|168024|973|1135632|0|20511506|2022-09-06 19:46:56.032457+02
178|1662490352.597764|2022-09-06 20:52:32.597764+02|3/53053730|4|2|2492167|2539|283851|168024|973|1135632|0|20618896|2022-09-06 19:46:56.032457+02
179|1662490353.692835|2022-09-06 20:52:33.692835+02|3/53053730|4|2|2492167|2539|283851|168024|973|1135632|0|20747023|2022-09-06 19:46:56.032457+02
180|1662490354.789376|2022-09-06 20:52:34.789376+02|3/53053730|4|2|2492167|2539|283851|168024|973|1135632|0|20853129|2022-09-06 19:46:56.032457+02
181|1662490355.894350|2022-09-06 20:52:35.89435+02|3/53053730|4|2|2492167|2539|283851|168024|973|1135632|0|20979558|2022-09-06 19:46:56.032457+02
182|1662490356.987009|2022-09-06 20:52:36.987009+02|3/53053730|4|2|2492167|2539|283851|168024|973|1135632|0|21085931|2022-09-06 19:46:56.032457+02
183|1662490358.086043|2022-09-06 20:52:38.086043+02|3/53053730|4|2|2492167|2539|283851|168024|973|1135632|0|21191088|2022-09-06 19:46:56.032457+02
184|1662490359.198303|2022-09-06 20:52:39.198303+02|3/53053730|4|2|2492167|2539|283851|168024|973|1135632|0|21317012|2022-09-06 19:46:56.032457+02
185|1662490360.293028|2022-09-06 20:52:40.293028+02|3/53053730|4|2|2492167|2539|283851|168024|973|1135632|0|21422375|2022-09-06 19:46:56.032457+02
186|1662490361.385232|2022-09-06 20:52:41.385232+02|3/53053730|4|2|2492167|2539|283851|168024|973|1135632|0|21554592|2022-09-06 19:46:56.032457+02
187|1662490362.463942|2022-09-06 20:52:42.463942+02|3/53053730|4|2|2492167|2539|283851|168024|973|1135632|0|21660688|2022-09-06 19:46:56.032457+02
188|1662490363.575408|2022-09-06 20:52:43.575408+02|3/53053730|4|2|2492167|2539|283851|168024|973|1135632|0|21788331|2022-09-06 19:46:56.032457+02
189|1662490364.685486|2022-09-06 20:52:44.685486+02|3/53053730|4|2|2492167|2539|283851|168024|973|1135632|0|21893930|2022-09-06 19:46:56.032457+02
190|1662490365.798793|2022-09-06 20:52:45.798793+02|3/53053730|4|2|2492167|2539|283851|168024|973|1135632|0|22021017|2022-09-06 19:46:56.032457+02
191|1662490366.859424|2022-09-06 20:52:46.859424+02|3/53053730|4|2|2492167|2539|283851|168024|973|1135632|0|22126814|2022-09-06 19:46:56.032457+02
192|1662490367.909363|2022-09-06 20:52:47.909363+02|3/53053730|4|2|2492167|2539|283851|168024|973|1135632|0|22231836|2022-09-06 19:46:56.032457+02
193|1662490368.975632|2022-09-06 20:52:48.975632+02|3/53053730|4|2|2492167|2539|283851|168024|973|1135632|0|22338020|2022-09-06 19:46:56.032457+02
194|1662490370.056317|2022-09-06 20:52:50.056317+02|3/53053730|4|2|2492167|2539|283851|168024|973|1135632|0|22465806|2022-09-06 19:46:56.032457+02
195|1662490371.153185|2022-09-06 20:52:51.153185+02|3/53053730|4|2|2492167|2539|283851|168024|973|1135632|0|22572158|2022-09-06 19:46:56.032457+02
196|1662490372.268969|2022-09-06 20:52:52.268969+02|3/53053730|4|2|2492167|2539|283851|168024|973|1135632|0|22698450|2022-09-06 19:46:56.032457+02
197|1662490373.325313|2022-09-06 20:52:53.325313+02|3/53053730|4|2|2492167|2539|283851|168024|973|1135632|0|22804996|2022-09-06 19:46:56.032457+02
198|1662490374.390374|2022-09-06 20:52:54.390374+02|3/53053730|4|2|2492167|2539|283851|168024|973|1135632|0|22909843|2022-09-06 19:46:56.032457+02
199|1662490375.503977|2022-09-06 20:52:55.503977+02|3/53053730|4|2|2492167|2539|283851|168024|973|1135632|0|23037704|2022-09-06 19:46:56.032457+02
200|1662490376.583444|2022-09-06 20:52:56.583444+02|3/53053730|4|2|2492167|2539|283851|168024|973|1135632|0|23143231|2022-09-06 19:46:56.032457+02
201|1662490377.675256|2022-09-06 20:52:57.675256+02|3/53053730|4|2|2492167|2539|283851|168024|973|1135632|0|23270641|2022-09-06 19:46:56.032457+02
202|1662490378.787564|2022-09-06 20:52:58.787564+02|3/53053730|4|2|2492167|2539|283851|168024|973|1135632|0|23377977|2022-09-06 19:46:56.032457+02
203|1662490379.874079|2022-09-06 20:52:59.874079+02|3/53053730|4|2|2492167|2539|283851|168024|973|1135632|0|23504042|2022-09-06 19:46:56.032457+02
204|1662490380.953732|2022-09-06 20:53:00.953732+02|3/53053730|4|2|2492167|2539|283851|168024|973|1135632|0|23609399|2022-09-06 19:46:56.032457+02
205|1662490382.069126|2022-09-06 20:53:02.069126+02|3/53053730|4|2|2492167|2539|283851|168024|973|1135632|0|23735649|2022-09-06 19:46:56.032457+02
206|1662490383.180568|2022-09-06 20:53:03.180568+02|3/53053730|4|2|2492167|2539|283851|168024|973|1135632|0|23840580|2022-09-06 19:46:56.032457+02
207|1662490384.271171|2022-09-06 20:53:04.271171+02|3/53053730|4|2|2492167|2539|283851|168024|973|1135632|0|23946427|2022-09-06 19:46:56.032457+02
208|1662490385.374168|2022-09-06 20:53:05.374168+02|3/53053730|4|2|2492167|2539|283851|168024|973|1135632|0|24073824|2022-09-06 19:46:56.032457+02
209|1662490386.409615|2022-09-06 20:53:06.409615+02|3/53053730|4|2|2492167|2539|283851|168024|973|1135632|0|24178973|2022-09-06 19:46:56.032457+02
210|1662490387.490628|2022-09-06 20:53:07.490628+02|3/53053730|4|2|2492167|2539|283851|168024|973|1135632|0|24285012|2022-09-06 19:46:56.032457+02
211|1662490388.556934|2022-09-06 20:53:08.556934+02|3/53053730|4|2|2492167|2539|283851|168024|973|1135632|0|24412720|2022-09-06 19:46:56.032457+02
212|1662490389.646812|2022-09-06 20:53:09.646812+02|3/53053730|4|2|2492167|2539|283851|168024|973|1135632|0|24517867|2022-09-06 19:46:56.032457+02
213|1662490390.749040|2022-09-06 20:53:10.74904+02|3/53053730|4|2|2492167|2539|283851|168024|973|1135632|0|24643790|2022-09-06 19:46:56.032457+02
214|1662490391.880076|2022-09-06 20:53:11.880076+02|3/53053730|4|2|2492167|2539|283851|168024|973|1135632|0|24749187|2022-09-06 19:46:56.032457+02
215|1662490392.961251|2022-09-06 20:53:12.961251+02|3/53053730|4|2|2492167|2539|283851|168024|973|1135632|0|24875792|2022-09-06 19:46:56.032457+02
216|1662490394.030281|2022-09-06 20:53:14.030281+02|3/53053730|4|2|2492167|2539|283851|168024|973|1135632|0|24981806|2022-09-06 19:46:56.032457+02
217|1662490395.126826|2022-09-06 20:53:15.126826+02|3/53053730|4|2|2492167|2539|283851|168024|973|1135632|0|25087279|2022-09-06 19:46:56.032457+02
218|1662490396.226549|2022-09-06 20:53:16.226549+02|3/53053730|4|2|2492167|2539|283851|168024|973|1135632|0|25213418|2022-09-06 19:46:56.032457+02
219|1662490397.316178|2022-09-06 20:53:17.316178+02|3/53053730|4|2|2492167|2539|283851|168024|973|1135632|0|25318454|2022-09-06 19:46:56.032457+02
220|1662490398.419257|2022-09-06 20:53:18.419257+02|3/53053730|4|2|2492167|2539|283851|168024|973|1135632|0|25444710|2022-09-06 19:46:56.032457+02
221|1662490399.478477|2022-09-06 20:53:19.478477+02|3/53053730|4|2|2492167|2539|283851|168024|973|1135632|0|25549453|2022-09-06 19:46:56.032457+02
222|1662490400.539183|2022-09-06 20:53:20.539183+02|3/53053730|4|2|2492167|2539|283851|168024|973|1135632|0|25655804|2022-09-06 19:46:56.032457+02
223|1662490401.622223|2022-09-06 20:53:21.622223+02|3/53053730|4|2|2492167|2539|283851|168024|973|1135632|0|25783180|2022-09-06 19:46:56.032457+02
224|1662490402.722796|2022-09-06 20:53:22.722796+02|3/53053730|4|2|2492167|2539|283851|168024|973|1135632|0|25889552|2022-09-06 19:46:56.032457+02
225|1662490403.804914|2022-09-06 20:53:23.804914+02|3/53053730|4|2|2492167|2539|283851|168024|973|1135632|0|25994733|2022-09-06 19:46:56.032457+02
226|1662490404.883561|2022-09-06 20:53:24.883561+02|3/53053730|4|2|2492167|2539|283851|168024|973|1135632|0|26121575|2022-09-06 19:46:56.032457+02
227|1662490405.984382|2022-09-06 20:53:25.984382+02|3/53053730|4|2|2492167|2539|283851|168024|973|1135632|0|26227104|2022-09-06 19:46:56.032457+02
228|1662490407.082035|2022-09-06 20:53:27.082035+02|3/53053730|4|2|2492167|2539|283851|168024|973|1135632|0|26354226|2022-09-06 19:46:56.032457+02
229|1662490408.195637|2022-09-06 20:53:28.195637+02|3/53053730|4|2|2492167|2539|283851|168024|973|1135632|0|26459821|2022-09-06 19:46:56.032457+02
230|1662490409.292864|2022-09-06 20:53:29.292864+02|3/53053730|4|2|2492167|2539|283851|168024|973|1135632|0|26586235|2022-09-06 19:46:56.032457+02
231|1662490410.376650|2022-09-06 20:53:30.37665+02|3/53053730|4|2|2492167|2539|283851|168024|973|1135632|0|26692702|2022-09-06 19:46:56.032457+02
232|1662490411.440417|2022-09-06 20:53:31.440417+02|3/53053730|4|2|2492167|2539|283851|168024|973|1135632|0|26799678|2022-09-06 19:46:56.032457+02
233|1662490412.514610|2022-09-06 20:53:32.51461+02|3/53053730|4|2|2492167|2539|283851|168024|973|1135632|0|26926753|2022-09-06 19:46:56.032457+02
234|1662490413.607098|2022-09-06 20:53:33.607098+02|3/53053730|4|2|2492167|2539|283851|168024|973|1135632|0|27031848|2022-09-06 19:46:56.032457+02
235|1662490414.707947|2022-09-06 20:53:34.707947+02|3/53053730|4|2|2492167|2539|283851|168024|973|1135632|0|27158310|2022-09-06 19:46:56.032457+02
236|1662490415.816175|2022-09-06 20:53:35.816175+02|3/53053730|4|2|2492167|2539|283851|168024|973|1135632|0|27264389|2022-09-06 19:46:56.032457+02
237|1662490416.931578|2022-09-06 20:53:36.931578+02|3/53053730|4|2|2492167|2539|283851|168024|973|1135632|0|27390714|2022-09-06 19:46:56.032457+02
238|1662490418.024969|2022-09-06 20:53:38.024969+02|3/53053730|4|2|2492167|2539|283851|168024|973|1135632|0|27496116|2022-09-06 19:46:56.032457+02
239|1662490419.101555|2022-09-06 20:53:39.101555+02|3/53053730|4|2|2492167|2539|283851|168024|973|1135632|0|27602253|2022-09-06 19:46:56.032457+02
240|1662490420.185684|2022-09-06 20:53:40.185684+02|3/53053730|4|2|2492167|2539|283851|168024|973|1135632|0|27728207|2022-09-06 19:46:56.032457+02
241|1662490421.253214|2022-09-06 20:53:41.253214+02|3/53053730|4|2|2492167|2539|283851|168024|973|1135632|0|27834506|2022-09-06 19:46:56.032457+02
242|1662490422.318737|2022-09-06 20:53:42.318737+02|3/53053730|4|2|2492167|2539|283851|168024|973|1135632|0|27941208|2022-09-06 19:46:56.032457+02
243|1662490423.392063|2022-09-06 20:53:43.392063+02|3/53053730|4|2|2492167|2539|283851|168024|973|1135632|0|28067512|2022-09-06 19:46:56.032457+02
244|1662490424.469262|2022-09-06 20:53:44.469262+02|3/53053730|4|2|2492167|2539|283851|168024|973|1135632|0|28172663|2022-09-06 19:46:56.032457+02
245|1662490425.530065|2022-09-06 20:53:45.530065+02|3/53053730|4|2|2492167|2539|283851|168024|973|1135632|0|28278762|2022-09-06 19:46:56.032457+02
246|1662490426.618192|2022-09-06 20:53:46.618192+02|3/53053730|4|2|2492167|2539|283851|168024|973|1135632|0|28405617|2022-09-06 19:46:56.032457+02
247|1662490427.713494|2022-09-06 20:53:47.713494+02|3/53053730|4|2|2492167|2539|283851|168024|973|1135632|0|28512447|2022-09-06 19:46:56.032457+02
248|1662490428.789534|2022-09-06 20:53:48.789534+02|3/53053730|4|2|2492167|2539|283851|168024|973|1135632|0|28638555|2022-09-06 19:46:56.032457+02
249|1662490429.865246|2022-09-06 20:53:49.865246+02|3/53053730|4|2|2492167|2539|283851|168024|973|1135632|0|28743030|2022-09-06 19:46:56.032457+02
250|1662490430.943745|2022-09-06 20:53:50.943745+02|3/53053730|4|2|2492167|2539|283851|168024|973|1135632|0|28849376|2022-09-06 19:46:56.032457+02
251|1662490432.016215|2022-09-06 20:53:52.016215+02|3/53053730|4|2|2492167|2539|283851|168024|973|1135632|0|28978404|2022-09-06 19:46:56.032457+02
252|1662490433.109379|2022-09-06 20:53:53.109379+02|3/53053730|4|2|2492167|2539|283851|168024|973|1135632|0|29085133|2022-09-06 19:46:56.032457+02
253|1662490434.200692|2022-09-06 20:53:54.200692+02|3/53053730|4|2|2492167|2539|283851|168024|973|1135632|0|29193797|2022-09-06 19:46:56.032457+02
254|1662490435.295853|2022-09-06 20:53:55.295853+02|3/53053730|4|2|2492167|2539|283851|168024|973|1135632|0|29322719|2022-09-06 19:46:56.032457+02
255|1662490436.405411|2022-09-06 20:53:56.405411+02|3/53053730|4|2|2492167|2539|283851|168024|973|1135632|0|29428531|2022-09-06 19:46:56.032457+02
256|1662490437.507751|2022-09-06 20:53:57.507751+02|3/53053730|4|2|2492167|2539|283851|168024|973|1135632|0|29554891|2022-09-06 19:46:56.032457+02
257|1662490438.611969|2022-09-06 20:53:58.611969+02|3/53053730|4|2|2492167|2539|283851|168024|973|1135632|0|29661011|2022-09-06 19:46:56.032457+02
258|1662490439.724611|2022-09-06 20:53:59.724611+02|3/53053730|4|2|2492167|2539|283851|168024|973|1135632|0|29786787|2022-09-06 19:46:56.032457+02
259|1662490440.816435|2022-09-06 20:54:00.816435+02|3/53053730|4|2|2492167|2539|283851|168024|973|1135632|0|29892539|2022-09-06 19:46:56.032457+02
260|1662490441.912915|2022-09-06 20:54:01.912915+02|3/53053730|4|2|2492167|2539|283851|168024|973|1135632|0|30020898|2022-09-06 19:46:56.032457+02
261|1662490443.014555|2022-09-06 20:54:03.014555+02|3/53053730|4|2|2492167|2539|283851|168024|973|1135632|0|30127262|2022-09-06 19:46:56.032457+02
262|1662490444.104250|2022-09-06 20:54:04.10425+02|3/53053730|4|2|2492167|2539|283851|168024|973|1135632|0|30253591|2022-09-06 19:46:56.032457+02
263|1662490445.163641|2022-09-06 20:54:05.163641+02|3/53053730|4|2|2492167|2539|283851|168024|973|1135632|0|30360149|2022-09-06 19:46:56.032457+02
264|1662490446.241384|2022-09-06 20:54:06.241384+02|3/53053730|4|2|2492167|2539|283851|168024|973|1135632|0|30468754|2022-09-06 19:46:56.032457+02
265|1662490447.335720|2022-09-06 20:54:07.33572+02|3/53053730|4|2|2492167|2539|283851|168024|973|1135632|0|30596821|2022-09-06 19:46:56.032457+02
266|1662490448.382074|2022-09-06 20:54:08.382074+02|3/53053730|4|2|2492167|2539|283851|168024|973|1135632|0|30702441|2022-09-06 19:46:56.032457+02
267|1662490449.452560|2022-09-06 20:54:09.45256+02|3/53053730|4|2|2492167|2539|283851|168024|973|1135632|0|30807113|2022-09-06 19:46:56.032457+02
268|1662490450.553196|2022-09-06 20:54:10.553196+02|3/53053730|4|2|2492167|2539|283851|168024|973|1135632|0|30933217|2022-09-06 19:46:56.032457+02
269|1662490451.643969|2022-09-06 20:54:11.643969+02|3/53053730|4|2|2492167|2539|283851|168024|973|1135632|0|31038540|2022-09-06 19:46:56.032457+02
270|1662490452.731340|2022-09-06 20:54:12.73134+02|3/53053730|4|2|2492167|2539|283851|168024|973|1135632|0|31144267|2022-09-06 19:46:56.032457+02
271|1662490453.784256|2022-09-06 20:54:13.784256+02|3/53053730|4|2|2492167|2539|283851|168024|973|1135632|0|31270841|2022-09-06 19:46:56.032457+02
272|1662490454.879478|2022-09-06 20:54:14.879478+02|3/53053730|4|2|2492167|2539|283851|168024|973|1135632|0|31377124|2022-09-06 19:46:56.032457+02
273|1662490455.975128|2022-09-06 20:54:15.975128+02|3/53053730|4|2|2492167|2539|283851|168024|973|1135632|0|31504148|2022-09-06 19:46:56.032457+02
274|1662490457.063330|2022-09-06 20:54:17.06333+02|3/53053730|4|2|2492167|2539|283851|168024|973|1135632|0|31610173|2022-09-06 19:46:56.032457+02
275|1662490458.172334|2022-09-06 20:54:18.172334+02|3/53053730|4|2|2492167|2539|283851|168024|973|1135632|0|31736268|2022-09-06 19:46:56.032457+02
276|1662490459.259414|2022-09-06 20:54:19.259414+02|3/53053730|4|2|2492167|2539|283851|168024|973|1135632|0|31841735|2022-09-06 19:46:56.032457+02
277|1662490460.360856|2022-09-06 20:54:20.360856+02|3/53053730|4|2|2492167|2539|283851|168024|973|1135632|0|31948622|2022-09-06 19:46:56.032457+02
278|1662490461.441588|2022-09-06 20:54:21.441588+02|3/53053730|4|2|2492167|2539|283851|168024|973|1135632|0|32075800|2022-09-06 19:46:56.032457+02
279|1662490462.528648|2022-09-06 20:54:22.528648+02|3/53053730|4|2|2492167|2539|283851|168024|973|1135632|0|32181179|2022-09-06 19:46:56.032457+02
280|1662490463.620508|2022-09-06 20:54:23.620508+02|3/53053730|4|2|2492167|2539|283851|168024|973|1135632|0|32307989|2022-09-06 19:46:56.032457+02
281|1662490464.705788|2022-09-06 20:54:24.705788+02|3/53053730|4|2|2492167|2539|283851|168024|973|1135632|0|32414397|2022-09-06 19:46:56.032457+02
282|1662490465.773499|2022-09-06 20:54:25.773499+02|3/53053730|4|2|2492167|2539|283851|168024|973|1135632|0|32519867|2022-09-06 19:46:56.032457+02
283|1662490466.858925|2022-09-06 20:54:26.858925+02|3/53053730|4|2|2492167|2539|283851|168024|973|1135632|0|32647216|2022-09-06 19:46:56.032457+02
284|1662490467.971373|2022-09-06 20:54:27.971373+02|3/53053730|4|2|2492167|2539|283851|168024|973|1135632|0|32752536|2022-09-06 19:46:56.032457+02
285|1662490469.074873|2022-09-06 20:54:29.074873+02|3/53053730|4|2|2492167|2539|283851|168024|973|1135632|0|32878456|2022-09-06 19:46:56.032457+02
286|1662490470.171754|2022-09-06 20:54:30.171754+02|3/53053730|4|2|2492167|2539|283851|168024|973|1135632|0|32984125|2022-09-06 19:46:56.032457+02
287|1662490471.253725|2022-09-06 20:54:31.253725+02|3/53053730|4|2|2492167|2539|283851|168024|973|1135632|0|33089586|2022-09-06 19:46:56.032457+02
288|1662490472.342682|2022-09-06 20:54:32.342682+02|3/53053730|4|2|2492167|2539|283851|168024|973|1135632|0|33217216|2022-09-06 19:46:56.032457+02
289|1662490473.426742|2022-09-06 20:54:33.426742+02|3/53053730|4|2|2492167|2539|283851|168024|973|1135632|0|33322336|2022-09-06 19:46:56.032457+02
290|1662490474.524552|2022-09-06 20:54:34.524552+02|3/53053730|4|2|2492167|2539|283851|168024|973|1135632|0|33448612|2022-09-06 19:46:56.032457+02
291|1662490475.597588|2022-09-06 20:54:35.597588+02|3/53053730|4|2|2492167|2539|283851|168024|973|1135632|0|33554530|2022-09-06 19:46:56.032457+02
292|1662490476.697366|2022-09-06 20:54:36.697366+02|3/53053730|4|2|2492167|2539|283851|168024|973|1135632|0|33682323|2022-09-06 19:46:56.032457+02
293|1662490477.779353|2022-09-06 20:54:37.779353+02|3/53053730|4|2|2492167|2539|283851|168024|973|1135632|0|33788521|2022-09-06 19:46:56.032457+02
294|1662490478.849625|2022-09-06 20:54:38.849625+02|3/53053730|4|2|2492167|2539|283851|168024|973|1135632|0|33894564|2022-09-06 19:46:56.032457+02
295|1662490479.931665|2022-09-06 20:54:39.931665+02|3/53053730|4|2|2492167|2539|283851|168024|973|1135632|0|34020223|2022-09-06 19:46:56.032457+02
296|1662490481.015235|2022-09-06 20:54:41.015235+02|3/53053730|4|2|2492167|2539|283851|168024|973|1135632|0|34125233|2022-09-06 19:46:56.032457+02
297|1662490482.100756|2022-09-06 20:54:42.100756+02|3/53053730|4|2|2492167|2539|283851|168024|973|1135632|0|34230907|2022-09-06 19:46:56.032457+02
298|1662490483.165870|2022-09-06 20:54:43.16587+02|3/53053730|4|2|2492167|2539|283851|168024|973|1135632|0|34357645|2022-09-06 19:46:56.032457+02
299|1662490484.270122|2022-09-06 20:54:44.270122+02|3/53053730|4|2|2492167|2539|283851|168024|973|1135632|0|34463882|2022-09-06 19:46:56.032457+02
300|1662490485.376683|2022-09-06 20:54:45.376683+02|3/53053730|4|2|2492167|2539|283851|168024|973|1135632|0|34590981|2022-09-06 19:46:56.032457+02
301|1662490486.463065|2022-09-06 20:54:46.463065+02|3/53053730|4|2|2492167|2539|283851|168024|973|1135632|0|34696490|2022-09-06 19:46:56.032457+02
302|1662490487.551977|2022-09-06 20:54:47.551977+02|3/53053730|4|2|2492167|2539|283851|168024|973|1135632|0|34801665|2022-09-06 19:46:56.032457+02
303|1662490488.610101|2022-09-06 20:54:48.610101+02|3/53053730|4|2|2492167|2539|283851|168024|973|1135632|0|34927081|2022-09-06 19:46:56.032457+02
304|1662490489.687085|2022-09-06 20:54:49.687085+02|3/53053730|4|2|2492167|2539|283851|168024|973|1135632|0|35031906|2022-09-06 19:46:56.032457+02
305|1662490490.791221|2022-09-06 20:54:50.791221+02|3/53053730|4|2|2492167|2539|283851|168024|973|1135632|0|35160076|2022-09-06 19:46:56.032457+02
306|1662490491.868876|2022-09-06 20:54:51.868876+02|3/53053730|4|2|2492167|2539|283851|168024|973|1135632|0|35265975|2022-09-06 19:46:56.032457+02
307|1662490492.946164|2022-09-06 20:54:52.946164+02|3/53053730|4|2|2492167|2539|283851|168024|973|1135632|0|35370909|2022-09-06 19:46:56.032457+02
308|1662490494.020780|2022-09-06 20:54:54.02078+02|3/53053730|4|2|2492167|2539|283851|168024|973|1135632|0|35496884|2022-09-06 19:46:56.032457+02
309|1662490495.100113|2022-09-06 20:54:55.100113+02|3/53053730|4|2|2492167|2539|283851|168024|973|1135632|0|35602991|2022-09-06 19:46:56.032457+02
310|1662490496.193871|2022-09-06 20:54:56.193871+02|3/53053730|4|2|2492167|2539|283851|168024|973|1135632|0|35708963|2022-09-06 19:46:56.032457+02
311|1662490497.301241|2022-09-06 20:54:57.301241+02|3/53053730|4|2|2492167|2539|283851|168024|973|1135632|0|35836611|2022-09-06 19:46:56.032457+02
312|1662490498.396734|2022-09-06 20:54:58.396734+02|3/53053730|4|2|2492167|2539|283851|168024|973|1135632|0|35942516|2022-09-06 19:46:56.032457+02
313|1662490499.492540|2022-09-06 20:54:59.49254+02|3/53053730|4|2|2492167|2539|283851|168024|973|1135632|0|36069162|2022-09-06 19:46:56.032457+02
314|1662490500.570872|2022-09-06 20:55:00.570872+02|3/53053730|4|2|2492167|2539|283851|168024|973|1135632|0|36174704|2022-09-06 19:46:56.032457+02
315|1662490501.653840|2022-09-06 20:55:01.65384+02|3/53053730|4|2|2492167|2539|283851|168024|973|1135632|0|36280122|2022-09-06 19:46:56.032457+02
316|1662490502.764353|2022-09-06 20:55:02.764353+02|3/53053730|4|2|2492167|2539|283851|168024|973|1135632|0|36407402|2022-09-06 19:46:56.032457+02
317|1662490503.863101|2022-09-06 20:55:03.863101+02|3/53053730|4|2|2492167|2539|283851|168024|973|1135632|0|36514633|2022-09-06 19:46:56.032457+02
318|1662490504.963339|2022-09-06 20:55:04.963339+02|3/53053730|4|2|2492167|2539|283851|168024|973|1135632|0|36641330|2022-09-06 19:46:56.032457+02
319|1662490506.071122|2022-09-06 20:55:06.071122+02|3/53053730|4|2|2492167|2539|283851|168024|973|1135632|0|36746657|2022-09-06 19:46:56.032457+02
320|1662490507.155925|2022-09-06 20:55:07.155925+02|3/53053730|4|2|2492167|2539|283851|168024|973|1135632|0|36872825|2022-09-06 19:46:56.032457+02
321|1662490508.265388|2022-09-06 20:55:08.265388+02|3/53053730|4|2|2492167|2539|283851|168024|973|1135632|0|36978745|2022-09-06 19:46:56.032457+02
322|1662490509.365772|2022-09-06 20:55:09.365772+02|3/53053730|4|2|2492167|2539|283851|168024|973|1135632|0|37104625|2022-09-06 19:46:56.032457+02
323|1662490510.454533|2022-09-06 20:55:10.454533+02|3/53053730|4|2|2492167|2539|283851|168024|973|1135632|0|37210868|2022-09-06 19:46:56.032457+02
324|1662490511.498684|2022-09-06 20:55:11.498684+02|3/53053730|4|2|2492167|2539|283851|168024|973|1135632|0|37318035|2022-09-06 19:46:56.032457+02
325|1662490512.589346|2022-09-06 20:55:12.589346+02|3/53053730|4|2|2492167|2539|283851|168024|973|1135632|0|37445829|2022-09-06 19:46:56.032457+02
326|1662490513.699450|2022-09-06 20:55:13.69945+02|3/53053730|4|2|2492167|2539|283851|168024|973|1135632|0|37550860|2022-09-06 19:46:56.032457+02
327|1662490514.778203|2022-09-06 20:55:14.778203+02|3/53053730|4|2|2492167|2539|283851|168024|973|1135632|0|37678172|2022-09-06 19:46:56.032457+02
328|1662490515.858635|2022-09-06 20:55:15.858635+02|3/53053730|4|2|2492167|2539|283851|168024|973|1135632|0|37784059|2022-09-06 19:46:56.032457+02
329|1662490516.941489|2022-09-06 20:55:16.941489+02|3/53053730|4|2|2492167|2539|283851|168024|973|1135632|0|37889175|2022-09-06 19:46:56.032457+02
330|1662490518.030312|2022-09-06 20:55:18.030312+02|3/53053730|4|2|2492167|2539|283851|168024|973|1135632|0|38016130|2022-09-06 19:46:56.032457+02
331|1662490519.113232|2022-09-06 20:55:19.113232+02|3/53053730|4|2|2492167|2539|283851|168024|973|1135632|0|38121969|2022-09-06 19:46:56.032457+02
332|1662490520.194000|2022-09-06 20:55:20.194+02|3/53053730|4|2|2492167|2539|283851|168024|973|1135632|0|38250205|2022-09-06 19:46:56.032457+02
333|1662490521.262537|2022-09-06 20:55:21.262537+02|3/53053730|4|2|2492167|2539|283851|168024|973|1135632|0|38355608|2022-09-06 19:46:56.032457+02
334|1662490522.341001|2022-09-06 20:55:22.341001+02|3/53053730|4|2|2492167|2539|283851|168024|973|1135632|0|38461203|2022-09-06 19:46:56.032457+02
335|1662490523.418119|2022-09-06 20:55:23.418119+02|3/53053730|4|2|2492167|2539|283851|168024|973|1135632|0|38588403|2022-09-06 19:46:56.032457+02
336|1662490524.458253|2022-09-06 20:55:24.458253+02|3/53053730|4|2|2492167|2539|283851|168024|973|1135632|0|38693852|2022-09-06 19:46:56.032457+02
337|1662490525.572382|2022-09-06 20:55:25.572382+02|3/53053730|4|2|2492167|2539|283851|168024|973|1135632|0|38799882|2022-09-06 19:46:56.032457+02
338|1662490526.680696|2022-09-06 20:55:26.680696+02|3/53053730|4|2|2492167|2539|283851|168024|973|1135632|0|38926213|2022-09-06 19:46:56.032457+02
339|1662490527.770069|2022-09-06 20:55:27.770069+02|3/53053730|4|2|2492167|2539|283851|168024|973|1135632|0|39031845|2022-09-06 19:46:56.032457+02
340|1662490528.861966|2022-09-06 20:55:28.861966+02|3/53053730|4|2|2492167|2539|283851|168024|973|1135632|0|39159036|2022-09-06 19:46:56.032457+02
341|1662490529.944231|2022-09-06 20:55:29.944231+02|3/53053730|4|2|2492167|2539|283851|168024|973|1135632|0|39264208|2022-09-06 19:46:56.032457+02
342|1662490531.043539|2022-09-06 20:55:31.043539+02|3/53053730|4|2|2492167|2539|283851|168024|973|1135632|0|39370235|2022-09-06 19:46:56.032457+02
343|1662490532.133589|2022-09-06 20:55:32.133589+02|3/53053730|4|2|2492167|2539|283851|168024|973|1135632|0|39496609|2022-09-06 19:46:56.032457+02
344|1662490533.228075|2022-09-06 20:55:33.228075+02|3/53053730|4|2|2492167|2539|283851|168024|973|1135632|0|39602341|2022-09-06 19:46:56.032457+02
345|1662490534.278358|2022-09-06 20:55:34.278358+02|3/53053730|4|2|2492167|2539|283851|168024|973|1135632|0|39729712|2022-09-06 19:46:56.032457+02
346|1662490535.351316|2022-09-06 20:55:35.351316+02|3/53053730|4|2|2492167|2539|283851|168024|973|1135632|0|39838138|2022-09-06 19:46:56.032457+02
347|1662490536.430177|2022-09-06 20:55:36.430177+02|3/53053730|4|2|2492167|2539|283851|168024|973|1135632|0|39944852|2022-09-06 19:46:56.032457+02
348|1662490537.516960|2022-09-06 20:55:37.51696+02|3/53053730|4|2|2492167|2539|283851|168024|973|1135632|0|40070978|2022-09-06 19:46:56.032457+02
349|1662490538.628931|2022-09-06 20:55:38.628931+02|3/53053730|4|2|2492167|2539|283851|168024|973|1135632|0|40176940|2022-09-06 19:46:56.032457+02
350|1662490539.711799|2022-09-06 20:55:39.711799+02|3/53053730|4|2|2492167|2539|283851|168024|973|1135632|0|40303632|2022-09-06 19:46:56.032457+02
351|1662490540.782172|2022-09-06 20:55:40.782172+02|3/53053730|4|2|2492167|2539|283851|168024|973|1135632|0|40409589|2022-09-06 19:46:56.032457+02
352|1662490541.883619|2022-09-06 20:55:41.883619+02|3/53053730|4|2|2492167|2539|283851|168024|973|1135632|0|40516223|2022-09-06 19:46:56.032457+02
353|1662490542.991636|2022-09-06 20:55:42.991636+02|3/53053730|4|2|2492167|2539|283851|168024|973|1135632|0|40641959|2022-09-06 19:46:56.032457+02
354|1662490544.094963|2022-09-06 20:55:44.094963+02|3/53053730|4|2|2492167|2539|283851|168024|973|1135632|0|40747050|2022-09-06 19:46:56.032457+02
355|1662490545.192486|2022-09-06 20:55:45.192486+02|3/53053730|4|2|2492167|2539|283851|168024|973|1135632|0|40873735|2022-09-06 19:46:56.032457+02
356|1662490546.312586|2022-09-06 20:55:46.312586+02|3/53053730|4|2|2492167|2539|283851|168024|973|1135632|0|40978931|2022-09-06 19:46:56.032457+02
357|1662490547.400891|2022-09-06 20:55:47.400891+02|3/53053730|4|2|2492167|2539|283851|168024|973|1135632|0|41105178|2022-09-06 19:46:56.032457+02
358|1662490548.481656|2022-09-06 20:55:48.481656+02|3/53053730|4|2|2492167|2539|283851|168024|973|1135632|0|41210447|2022-09-06 19:46:56.032457+02
359|1662490549.553339|2022-09-06 20:55:49.553339+02|3/53053730|4|2|2492167|2539|283851|168024|973|1135632|0|41315381|2022-09-06 19:46:56.032457+02
360|1662490550.685629|2022-09-06 20:55:50.685629+02|3/53053730|4|2|2492167|2539|283851|168024|973|1135632|0|41441415|2022-09-06 19:46:56.032457+02
361|1662490551.792787|2022-09-06 20:55:51.792787+02|3/53053730|4|2|2492167|2539|283851|168024|973|1135632|0|41567964|2022-09-06 19:46:56.032457+02
362|1662490552.905898|2022-09-06 20:55:52.905898+02|3/53053730|4|2|2492167|2539|283851|168024|973|1135632|0|41675057|2022-09-06 19:46:56.032457+02
363|1662490553.982394|2022-09-06 20:55:53.982394+02|3/53053730|4|2|2492167|2539|283851|168024|973|1135632|0|41780189|2022-09-06 19:46:56.032457+02
364|1662490555.039399|2022-09-06 20:55:55.039399+02|3/53053730|4|2|2492167|2539|283851|168024|973|1135632|0|41906929|2022-09-06 19:46:56.032457+02
365|1662490556.110557|2022-09-06 20:55:56.110557+02|3/53053730|4|2|2492167|2539|283851|168024|973|1135632|0|42012937|2022-09-06 19:46:56.032457+02
366|1662490557.212883|2022-09-06 20:55:57.212883+02|3/53053730|4|2|2492167|2539|283851|168024|973|1135632|0|42117580|2022-09-06 19:46:56.032457+02
367|1662490558.335195|2022-09-06 20:55:58.335195+02|3/53053730|4|2|2492167|2539|283851|168024|973|1135632|0|42245681|2022-09-06 19:46:56.032457+02
368|1662490559.419047|2022-09-06 20:55:59.419047+02|3/53053730|4|2|2492167|2539|283851|168024|973|1135632|0|42351558|2022-09-06 19:46:56.032457+02
369|1662490560.515373|2022-09-06 20:56:00.515373+02|3/53053730|4|2|2492167|2539|283851|168024|973|1135632|0|42478668|2022-09-06 19:46:56.032457+02
370|1662490561.609154|2022-09-06 20:56:01.609154+02|3/53053730|4|2|2492167|2539|283851|168024|973|1135632|0|42584069|2022-09-06 19:46:56.032457+02
371|1662490562.699569|2022-09-06 20:56:02.699569+02|3/53053730|4|2|2492167|2539|283851|168024|973|1135632|0|42711486|2022-09-06 19:46:56.032457+02
372|1662490563.790972|2022-09-06 20:56:03.790972+02|3/53053730|4|2|2492167|2539|283851|168024|973|1135632|0|42816883|2022-09-06 19:46:56.032457+02
373|1662490564.875849|2022-09-06 20:56:04.875849+02|3/53053730|4|2|2492167|2539|283851|168024|973|1135632|0|42923750|2022-09-06 19:46:56.032457+02
374|1662490565.947551|2022-09-06 20:56:05.947551+02|3/53053730|4|2|2492167|2539|283851|168024|973|1135632|0|43051828|2022-09-06 19:46:56.032457+02
375|1662490567.054275|2022-09-06 20:56:07.054275+02|3/53053730|4|2|2492167|2539|283851|168024|973|1135632|0|43157445|2022-09-06 19:46:56.032457+02
376|1662490568.156615|2022-09-06 20:56:08.156615+02|3/53053730|4|2|2492167|2539|283851|168024|973|1135632|0|43284262|2022-09-06 19:46:56.032457+02
377|1662490569.296181|2022-09-06 20:56:09.296181+02|3/53053730|4|2|2492167|2539|283851|168024|973|1135632|0|43390347|2022-09-06 19:46:56.032457+02
378|1662490570.406575|2022-09-06 20:56:10.406575+02|3/53053730|4|2|2492167|2539|283851|168024|973|1135632|0|43518258|2022-09-06 19:46:56.032457+02
379|1662490571.481574|2022-09-06 20:56:11.481574+02|3/53053730|4|2|2492167|2539|283851|168024|973|1135632|0|43624083|2022-09-06 19:46:56.032457+02
380|1662490572.570356|2022-09-06 20:56:12.570356+02|3/53053730|4|2|2492167|2539|283851|168024|973|1135632|0|43750272|2022-09-06 19:46:56.032457+02
381|1662490573.680222|2022-09-06 20:56:13.680222+02|3/53053730|4|2|2492167|2539|283851|168024|973|1135632|0|43855439|2022-09-06 19:46:56.032457+02
382|1662490574.796733|2022-09-06 20:56:14.796733+02|3/53053730|4|2|2492167|2539|283851|168024|973|1135632|0|43982629|2022-09-06 19:46:56.032457+02
383|1662490575.884763|2022-09-06 20:56:15.884763+02|3/53053730|4|2|2492167|2539|283851|168024|973|1135632|0|44087336|2022-09-06 19:46:56.032457+02
384|1662490576.960244|2022-09-06 20:56:16.960244+02|3/53053730|4|2|2492167|2539|283851|168024|973|1135632|0|44214345|2022-09-06 19:46:56.032457+02
385|1662490578.043114|2022-09-06 20:56:18.043114+02|3/53053730|4|2|2492167|2539|283851|168024|973|1135632|0|44319806|2022-09-06 19:46:56.032457+02
386|1662490579.128776|2022-09-06 20:56:19.128776+02|3/53053730|4|2|2492167|2539|283851|168024|973|1135632|0|44424742|2022-09-06 19:46:56.032457+02
387|1662490580.225895|2022-09-06 20:56:20.225895+02|3/53053730|4|2|2492167|2539|283851|168024|973|1135632|0|44552121|2022-09-06 19:46:56.032457+02
388|1662490581.336452|2022-09-06 20:56:21.336452+02|3/53053730|4|2|2492167|2539|283851|168024|973|1135632|0|44658095|2022-09-06 19:46:56.032457+02
389|1662490582.405739|2022-09-06 20:56:22.405739+02|3/53053730|4|2|2492167|2539|283851|168024|973|1135632|0|44784703|2022-09-06 19:46:56.032457+02
390|1662490583.468203|2022-09-06 20:56:23.468203+02|3/53053730|4|2|2492167|2539|283851|168024|973|1135632|0|44889770|2022-09-06 19:46:56.032457+02
391|1662490584.556965|2022-09-06 20:56:24.556965+02|3/53053730|4|2|2492167|2539|283851|168024|973|1135632|0|44995261|2022-09-06 19:46:56.032457+02
392|1662490585.666273|2022-09-06 20:56:25.666273+02|3/53053730|4|2|2492167|2539|283851|168024|973|1135632|0|45120999|2022-09-06 19:46:56.032457+02
393|1662490586.775241|2022-09-06 20:56:26.775241+02|3/53053730|4|2|2492167|2539|283851|168024|973|1135632|0|45225953|2022-09-06 19:46:56.032457+02
394|1662490587.885005|2022-09-06 20:56:27.885005+02|3/53053730|4|2|2492167|2539|283851|168024|973|1135632|0|45351880|2022-09-06 19:46:56.032457+02
395|1662490588.979094|2022-09-06 20:56:28.979094+02|3/53053730|4|2|2492167|2539|283851|168024|973|1135632|0|45457356|2022-09-06 19:46:56.032457+02
396|1662490590.075326|2022-09-06 20:56:30.075326+02|3/53053730|4|2|2492167|2539|283851|168024|973|1135632|0|45585054|2022-09-06 19:46:56.032457+02
397|1662490591.179664|2022-09-06 20:56:31.179664+02|3/53053730|4|2|2492167|2539|283851|168024|973|1135632|0|45689503|2022-09-06 19:46:56.032457+02
398|1662490592.269070|2022-09-06 20:56:32.26907+02|3/53053730|4|2|2492167|2539|283851|168024|973|1135632|0|45817226|2022-09-06 19:46:56.032457+02
399|1662490593.365386|2022-09-06 20:56:33.365386+02|3/53053730|4|2|2492167|2539|283851|168024|973|1135632|0|45923709|2022-09-06 19:46:56.032457+02
400|1662490594.468398|2022-09-06 20:56:34.468398+02|3/53053730|4|2|2492167|2539|283851|168024|973|1135632|0|46032042|2022-09-06 19:46:56.032457+02
401|1662490595.572542|2022-09-06 20:56:35.572542+02|3/53053730|4|2|2492167|2539|283851|168024|973|1135632|0|46160000|2022-09-06 19:46:56.032457+02
402|1662490596.667545|2022-09-06 20:56:36.667545+02|3/53053730|4|2|2492167|2539|283851|168024|973|1135632|0|46267162|2022-09-06 19:46:56.032457+02
403|1662490597.769996|2022-09-06 20:56:37.769996+02|3/53053730|4|2|2492167|2539|283851|168024|973|1135632|0|46395126|2022-09-06 19:46:56.032457+02
404|1662490598.857001|2022-09-06 20:56:38.857001+02|3/53053730|4|2|2492167|2539|283851|168024|973|1135632|0|46500461|2022-09-06 19:46:56.032457+02
405|1662490599.959493|2022-09-06 20:56:39.959493+02|3/53053730|4|2|2492167|2539|283851|168024|973|1135632|0|46626407|2022-09-06 19:46:56.032457+02
406|1662490601.048093|2022-09-06 20:56:41.048093+02|3/53053730|4|2|2492167|2539|283851|168024|973|1135632|0|46731622|2022-09-06 19:46:56.032457+02
407|1662490602.149340|2022-09-06 20:56:42.14934+02|3/53053730|4|2|2492167|2539|283851|168024|973|1135632|0|46858856|2022-09-06 19:46:56.032457+02
408|1662490603.250333|2022-09-06 20:56:43.250333+02|3/53053730|4|2|2492167|2539|283851|168024|973|1135632|0|46969422|2022-09-06 19:46:56.032457+02
409|1662490604.311940|2022-09-06 20:56:44.31194+02|3/53053730|4|2|2492167|2539|283851|168024|973|1135632|0|47077158|2022-09-06 19:46:56.032457+02
410|1662490605.408522|2022-09-06 20:56:45.408522+02|3/53053730|4|2|2492167|2539|283851|168024|973|1135632|0|47205927|2022-09-06 19:46:56.032457+02
411|1662490606.486128|2022-09-06 20:56:46.486128+02|3/53053730|4|2|2492167|2539|283851|168024|973|1135632|0|47312275|2022-09-06 19:46:56.032457+02
412|1662490607.560198|2022-09-06 20:56:47.560198+02|3/53053730|4|2|2492167|2539|283851|168024|973|1135632|0|47417988|2022-09-06 19:46:56.032457+02
413|1662490608.654596|2022-09-06 20:56:48.654596+02|3/53053730|4|2|2492167|2539|283851|168024|973|1135632|0|47543790|2022-09-06 19:46:56.032457+02
414|1662490609.746719|2022-09-06 20:56:49.746719+02|3/53053730|4|2|2492167|2539|283851|168024|973|1135632|0|47649205|2022-09-06 19:46:56.032457+02
415|1662490610.841848|2022-09-06 20:56:50.841848+02|3/53053730|4|2|2492167|2539|283851|168024|973|1135632|0|47776342|2022-09-06 19:46:56.032457+02
416|1662490611.909635|2022-09-06 20:56:51.909635+02|3/53053730|4|2|2492167|2539|283851|168024|973|1135632|0|47881446|2022-09-06 19:46:56.032457+02
417|1662490612.966146|2022-09-06 20:56:52.966146+02|3/53053730|4|2|2492167|2539|283851|168024|973|1135632|0|47989455|2022-09-06 19:46:56.032457+02
418|1662490614.040916|2022-09-06 20:56:54.040916+02|3/53053730|4|2|2492167|2539|283851|168024|973|1135632|0|48116758|2022-09-06 19:46:56.032457+02
419|1662490615.116517|2022-09-06 20:56:55.116517+02|3/53053730|4|2|2492167|2539|283851|168024|973|1135632|0|48222353|2022-09-06 19:46:56.032457+02
420|1662490616.221896|2022-09-06 20:56:56.221896+02|3/53053730|4|2|2492167|2539|283851|168024|973|1135632|0|48348727|2022-09-06 19:46:56.032457+02
421|1662490617.318387|2022-09-06 20:56:57.318387+02|3/53053730|4|2|2492167|2539|283851|168024|973|1135632|0|48454843|2022-09-06 19:46:56.032457+02
422|1662490618.412840|2022-09-06 20:56:58.41284+02|3/53053730|4|2|2492167|2539|283851|168024|973|1135632|0|48561413|2022-09-06 19:46:56.032457+02
423|1662490619.521471|2022-09-06 20:56:59.521471+02|3/53053730|4|2|2492167|2539|283851|168024|973|1135632|0|48687468|2022-09-06 19:46:56.032457+02
424|1662490620.630806|2022-09-06 20:57:00.630806+02|3/53053730|4|2|2492167|2539|283851|168024|973|1135632|0|48792496|2022-09-06 19:46:56.032457+02
425|1662490621.736807|2022-09-06 20:57:01.736807+02|3/53053730|4|2|2492167|2539|283851|168024|973|1135632|0|48918424|2022-09-06 19:46:56.032457+02
426|1662490622.838174|2022-09-06 20:57:02.838174+02|3/53053730|4|2|2492167|2539|283851|168024|973|1135632|0|49023618|2022-09-06 19:46:56.032457+02
427|1662490623.941142|2022-09-06 20:57:03.941142+02|3/53053730|4|2|2492167|2539|283851|168024|973|1135632|0|49149671|2022-09-06 19:46:56.032457+02
428|1662490625.042586|2022-09-06 20:57:05.042586+02|3/53053730|4|2|2492167|2539|283851|168024|973|1135632|0|49254954|2022-09-06 19:46:56.032457+02
429|1662490626.129694|2022-09-06 20:57:06.129694+02|3/53053730|4|2|2492167|2539|283851|168024|973|1135632|0|49382002|2022-09-06 19:46:56.032457+02
430|1662490627.197175|2022-09-06 20:57:07.197175+02|3/53053730|4|2|2492167|2539|283851|168024|973|1135632|0|49486989|2022-09-06 19:46:56.032457+02
431|1662490628.279531|2022-09-06 20:57:08.279531+02|3/53053730|4|2|2492167|2539|283851|168024|973|1135632|0|49592053|2022-09-06 19:46:56.032457+02
432|1662490629.345028|2022-09-06 20:57:09.345028+02|3/53053730|4|2|2492167|2539|283851|168024|973|1135632|0|49719687|2022-09-06 19:46:56.032457+02
433|1662490630.450140|2022-09-06 20:57:10.45014+02|3/53053730|4|2|2492167|2539|283851|168024|973|1135632|0|49827118|2022-09-06 19:46:56.032457+02
434|1662490631.519639|2022-09-06 20:57:11.519639+02|3/53053730|4|2|2492167|2539|283851|168024|973|1135632|0|49953706|2022-09-06 19:46:56.032457+02
435|1662490632.589061|2022-09-06 20:57:12.589061+02|3/53053730|4|2|2492167|2539|283851|168024|973|1135632|0|50059745|2022-09-06 19:46:56.032457+02
436|1662490633.685321|2022-09-06 20:57:13.685321+02|3/53053730|4|2|2492167|2539|283851|168024|973|1135632|0|50165289|2022-09-06 19:46:56.032457+02
437|1662490634.792398|2022-09-06 20:57:14.792398+02|3/53053730|4|2|2492167|2539|283851|168024|973|1135632|0|50292307|2022-09-06 19:46:56.032457+02
438|1662490635.886709|2022-09-06 20:57:15.886709+02|3/53053730|4|2|2492167|2539|283851|168024|973|1135632|0|50398294|2022-09-06 19:46:56.032457+02
439|1662490636.948126|2022-09-06 20:57:16.948126+02|3/53053730|4|2|2492167|2539|283851|168024|973|1135632|0|50503993|2022-09-06 19:46:56.032457+02
440|1662490638.045362|2022-09-06 20:57:18.045362+02|3/53053730|4|2|2492167|2539|283851|168024|973|1135632|0|50631825|2022-09-06 19:46:56.032457+02
441|1662490639.116998|2022-09-06 20:57:19.116998+02|3/53053730|4|2|2492167|2539|283851|168024|973|1135632|0|50738981|2022-09-06 19:46:56.032457+02
442|1662490640.210313|2022-09-06 20:57:20.210313+02|3/53053730|4|2|2492167|2539|283851|168024|973|1135632|0|50864958|2022-09-06 19:46:56.032457+02
443|1662490641.297194|2022-09-06 20:57:21.297194+02|3/53053730|4|2|2492167|2539|283851|168024|973|1135632|0|50970823|2022-09-06 19:46:56.032457+02
444|1662490642.390820|2022-09-06 20:57:22.39082+02|3/53053730|4|2|2492167|2539|283851|168024|973|1135632|0|51076530|2022-09-06 19:46:56.032457+02
445|1662490643.486750|2022-09-06 20:57:23.48675+02|3/53053730|4|2|2492167|2539|283851|168024|973|1135632|0|51206259|2022-09-06 19:46:56.032457+02
446|1662490644.592733|2022-09-06 20:57:24.592733+02|3/53053730|4|2|2492167|2539|283851|168024|973|1135632|0|51312591|2022-09-06 19:46:56.032457+02
447|1662490645.679310|2022-09-06 20:57:25.67931+02|3/53053730|4|2|2492167|2539|283851|168024|973|1135632|0|51439633|2022-09-06 19:46:56.032457+02
448|1662490646.780372|2022-09-06 20:57:26.780372+02|3/53053730|4|2|2492167|2539|283851|168024|973|1135632|0|51545673|2022-09-06 19:46:56.032457+02
449|1662490647.856284|2022-09-06 20:57:27.856284+02|3/53053730|4|2|2492167|2539|283851|168024|973|1135632|0|51671162|2022-09-06 19:46:56.032457+02
450|1662490648.940361|2022-09-06 20:57:28.940361+02|3/53053730|4|2|2492167|2539|283851|168024|973|1135632|0|51777114|2022-09-06 19:46:56.032457+02
451|1662490650.010888|2022-09-06 20:57:30.010888+02|3/53053730|4|2|2492167|2539|283851|168024|973|1135632|0|51884052|2022-09-06 19:46:56.032457+02
452|1662490651.037438|2022-09-06 20:57:31.037438+02|3/53053730|4|2|2492167|2539|283851|168024|973|1135632|0|51989879|2022-09-06 19:46:56.032457+02
453|1662490652.117004|2022-09-06 20:57:32.117004+02|3/53053730|4|2|2492167|2539|283851|168024|973|1135632|0|52116893|2022-09-06 19:46:56.032457+02
454|1662490653.190522|2022-09-06 20:57:33.190522+02|3/53053730|4|2|2492167|2539|283851|168024|973|1135632|0|52222760|2022-09-06 19:46:56.032457+02
455|1662490654.248315|2022-09-06 20:57:34.248315+02|3/53053730|4|2|2492167|2539|283851|168024|973|1135632|0|52330328|2022-09-06 19:46:56.032457+02
456|1662490655.350325|2022-09-06 20:57:35.350325+02|3/53053730|4|2|2492167|2539|283851|168024|973|1135632|0|52457554|2022-09-06 19:46:56.032457+02
457|1662490656.448894|2022-09-06 20:57:36.448894+02|3/53053730|4|2|2492167|2539|283851|168024|973|1135632|0|52562966|2022-09-06 19:46:56.032457+02
458|1662490657.532138|2022-09-06 20:57:37.532138+02|3/53053730|4|2|2492167|2539|283851|168024|973|1135632|0|52689010|2022-09-06 19:46:56.032457+02
459|1662490658.631058|2022-09-06 20:57:38.631058+02|3/53053730|4|2|2492167|2539|283851|168024|973|1135632|0|52796042|2022-09-06 19:46:56.032457+02
460|1662490659.711760|2022-09-06 20:57:39.71176+02|3/53053730|4|2|2492167|2539|283851|168024|973|1135632|0|52922389|2022-09-06 19:46:56.032457+02
461|1662490660.765737|2022-09-06 20:57:40.765737+02|3/53053730|4|2|2492167|2539|283851|168024|973|1135632|0|53027456|2022-09-06 19:46:56.032457+02
462|1662490661.861385|2022-09-06 20:57:41.861385+02|3/53053730|4|2|2492167|2539|283851|168024|973|1135632|0|53133868|2022-09-06 19:46:56.032457+02
463|1662490662.953516|2022-09-06 20:57:42.953516+02|3/53053730|4|2|2492167|2539|283851|168024|973|1135632|0|53261820|2022-09-06 19:46:56.032457+02
464|1662490664.051834|2022-09-06 20:57:44.051834+02|3/53053730|4|2|2492167|2539|283851|168024|973|1135632|0|53367192|2022-09-06 19:46:56.032457+02
465|1662490665.138925|2022-09-06 20:57:45.138925+02|3/53053730|4|2|2492167|2539|283851|168024|973|1135632|0|53473234|2022-09-06 19:46:56.032457+02
466|1662490666.219600|2022-09-06 20:57:46.2196+02|3/53053730|4|2|2492167|2539|283851|168024|973|1135632|0|53603257|2022-09-06 19:46:56.032457+02
467|1662490667.321543|2022-09-06 20:57:47.321543+02|3/53053730|4|2|2492167|2539|283851|168024|973|1135632|0|53709158|2022-09-06 19:46:56.032457+02
468|1662490668.416491|2022-09-06 20:57:48.416491+02|3/53053730|4|2|2492167|2539|283851|168024|973|1135632|0|53836472|2022-09-06 19:46:56.032457+02
469|1662490669.522116|2022-09-06 20:57:49.522116+02|3/53053730|4|2|2492167|2539|283851|168024|973|1135632|0|53943171|2022-09-06 19:46:56.032457+02
470|1662490670.583307|2022-09-06 20:57:50.583307+02|3/53053730|4|2|2492167|2539|283851|168024|973|1135632|0|54068659|2022-09-06 19:46:56.032457+02
471|1662490671.659250|2022-09-06 20:57:51.65925+02|3/53053730|4|2|2492167|2539|283851|168024|973|1135632|0|54174299|2022-09-06 19:46:56.032457+02
472|1662490672.725620|2022-09-06 20:57:52.72562+02|3/53053730|4|2|2492167|2539|283851|168024|973|1135632|0|54279286|2022-09-06 19:46:56.032457+02
473|1662490673.802189|2022-09-06 20:57:53.802189+02|3/53053730|4|2|2492167|2539|283851|168024|973|1135632|0|54407468|2022-09-06 19:46:56.032457+02
474|1662490674.911591|2022-09-06 20:57:54.911591+02|3/53053730|4|2|2492167|2539|283851|168024|973|1135632|0|54513251|2022-09-06 19:46:56.032457+02
475|1662490675.992457|2022-09-06 20:57:55.992457+02|3/53053730|4|2|2492167|2539|283851|168024|973|1135632|0|54618800|2022-09-06 19:46:56.032457+02
476|1662490677.080341|2022-09-06 20:57:57.080341+02|3/53053730|4|2|2492167|2539|283851|168024|973|1135632|0|54744726|2022-09-06 19:46:56.032457+02
477|1662490678.182620|2022-09-06 20:57:58.18262+02|3/53053730|4|2|2492167|2539|283851|168024|973|1135632|0|54849931|2022-09-06 19:46:56.032457+02
478|1662490679.286366|2022-09-06 20:57:59.286366+02|3/53053730|4|2|2492167|2539|283851|168024|973|1135632|0|54975834|2022-09-06 19:46:56.032457+02
479|1662490680.408610|2022-09-06 20:58:00.40861+02|3/53053730|4|2|2492167|2539|283851|168024|973|1135632|0|55081653|2022-09-06 19:46:56.032457+02
480|1662490681.521457|2022-09-06 20:58:01.521457+02|3/53053730|4|2|2492167|2539|283851|168024|973|1135632|0|55208748|2022-09-06 19:46:56.032457+02
481|1662490682.633893|2022-09-06 20:58:02.633893+02|3/53053730|4|2|2492167|2539|283851|168024|973|1135632|0|55313607|2022-09-06 19:46:56.032457+02
482|1662490683.711980|2022-09-06 20:58:03.71198+02|3/53053730|4|2|2492167|2539|283851|168024|973|1135632|0|55440063|2022-09-06 19:46:56.032457+02
483|1662490684.803998|2022-09-06 20:58:04.803998+02|3/53053730|4|2|2492167|2539|283851|168024|973|1135632|0|55544674|2022-09-06 19:46:56.032457+02
484|1662490685.900025|2022-09-06 20:58:05.900025+02|3/53053730|4|2|2492167|2539|283851|168024|973|1135632|0|55672072|2022-09-06 19:46:56.032457+02
485|1662490686.983046|2022-09-06 20:58:06.983046+02|3/53053730|4|2|2492167|2539|283851|168024|973|1135632|0|55777326|2022-09-06 19:46:56.032457+02
486|1662490688.063384|2022-09-06 20:58:08.063384+02|3/53053730|4|2|2492167|2539|283851|168024|973|1135632|0|55882886|2022-09-06 19:46:56.032457+02
487|1662490689.133255|2022-09-06 20:58:09.133255+02|3/53053730|4|2|2492167|2539|283851|168024|973|1135632|0|56009677|2022-09-06 19:46:56.032457+02
488|1662490690.213298|2022-09-06 20:58:10.213298+02|3/53053730|4|2|2492167|2539|283851|168024|973|1135632|0|56116014|2022-09-06 19:46:56.032457+02
489|1662490691.296112|2022-09-06 20:58:11.296112+02|3/53053730|4|2|2492167|2539|283851|168024|973|1135632|0|56222242|2022-09-06 19:46:56.032457+02
490|1662490692.378942|2022-09-06 20:58:12.378942+02|3/53053730|4|2|2492167|2539|283851|168024|973|1135632|0|56349116|2022-09-06 19:46:56.032457+02
491|1662490693.480978|2022-09-06 20:58:13.480978+02|3/53053730|4|2|2492167|2539|283851|168024|973|1135632|0|56454806|2022-09-06 19:46:56.032457+02
492|1662490694.584406|2022-09-06 20:58:14.584406+02|3/53053730|4|2|2492167|2539|283851|168024|973|1135632|0|56585220|2022-09-06 19:46:56.032457+02
493|1662490695.688911|2022-09-06 20:58:15.688911+02|3/53053730|4|2|2492167|2539|283851|168024|973|1135632|0|56695618|2022-09-06 19:46:56.032457+02
494|1662490696.770135|2022-09-06 20:58:16.770135+02|3/53053730|4|2|2492167|2539|283851|168024|973|1135632|0|56825022|2022-09-06 19:46:56.032457+02
495|1662490697.856066|2022-09-06 20:58:17.856066+02|3/53053730|4|2|2492167|2539|283851|168024|973|1135632|0|56930079|2022-09-06 19:46:56.032457+02
496|1662490698.943726|2022-09-06 20:58:18.943726+02|3/53053730|4|2|2492167|2539|283851|168024|973|1135632|0|57035220|2022-09-06 19:46:56.032457+02
497|1662490699.992637|2022-09-06 20:58:19.992637+02|3/53053730|4|2|2492167|2539|283851|168024|973|1135632|0|57162013|2022-09-06 19:46:56.032457+02
498|1662490701.057385|2022-09-06 20:58:21.057385+02|3/53053730|4|2|2492167|2539|283851|168024|973|1135632|0|57267676|2022-09-06 19:46:56.032457+02
499|1662490702.160713|2022-09-06 20:58:22.160713+02|3/53053730|4|2|2492167|2539|283851|168024|973|1135632|0|57373237|2022-09-06 19:46:56.032457+02
500|1662490703.274666|2022-09-06 20:58:23.274666+02|3/53053730|4|2|2492167|2539|283851|168024|973|1135632|0|57503271|2022-09-06 19:46:56.032457+02
501|1662490704.377973|2022-09-06 20:58:24.377973+02|3/53053730|4|2|2492167|2539|283851|168024|973|1135632|0|57609694|2022-09-06 19:46:56.032457+02
502|1662490705.462065|2022-09-06 20:58:25.462065+02|3/53053730|4|2|2492167|2539|283851|168024|973|1135632|0|57736247|2022-09-06 19:46:56.032457+02
503|1662490706.557520|2022-09-06 20:58:26.55752+02|3/53053730|4|2|2492167|2539|283851|168024|973|1135632|0|57843076|2022-09-06 19:46:56.032457+02
504|1662490707.640369|2022-09-06 20:58:27.640369+02|3/53053730|4|2|2492167|2539|283851|168024|973|1135632|0|57970215|2022-09-06 19:46:56.032457+02
505|1662490708.730534|2022-09-06 20:58:28.730534+02|3/53053730|4|2|2492167|2539|283851|168024|973|1135632|0|58075018|2022-09-06 19:46:56.032457+02
506|1662490709.822366|2022-09-06 20:58:29.822366+02|3/53053730|4|2|2492167|2539|283851|168024|973|1135632|0|58181406|2022-09-06 19:46:56.032457+02
507|1662490710.913815|2022-09-06 20:58:30.913815+02|3/53053730|4|2|2492167|2539|283851|168024|973|1135632|0|58307636|2022-09-06 19:46:56.032457+02
508|1662490712.006276|2022-09-06 20:58:32.006276+02|3/53053730|4|2|2492167|2539|283851|168024|973|1135632|0|58413396|2022-09-06 19:46:56.032457+02
509|1662490713.105859|2022-09-06 20:58:33.105859+02|3/53053730|4|2|2492167|2539|283851|168024|973|1135632|0|58538669|2022-09-06 19:46:56.032457+02
510|1662490714.173851|2022-09-06 20:58:34.173851+02|3/53053730|4|2|2492167|2539|283851|168024|973|1135632|0|58644307|2022-09-06 19:46:56.032457+02
511|1662490715.235629|2022-09-06 20:58:35.235629+02|3/53053730|4|2|2492167|2539|283851|168024|973|1135632|0|58749928|2022-09-06 19:46:56.032457+02
512|1662490716.341302|2022-09-06 20:58:36.341302+02|3/53053730|4|2|2492167|2539|283851|168024|973|1135632|0|58876223|2022-09-06 19:46:56.032457+02
513|1662490717.417349|2022-09-06 20:58:37.417349+02|3/53053730|4|2|2492167|2539|283851|168024|973|1135632|0|58981638|2022-09-06 19:46:56.032457+02
514|1662490718.473416|2022-09-06 20:58:38.473416+02|3/53053730|4|2|2492167|2539|283851|168024|973|1135632|0|59086686|2022-09-06 19:46:56.032457+02
515|1662490719.540442|2022-09-06 20:58:39.540442+02|3/53053730|4|2|2492167|2539|283851|168024|973|1135632|0|59214099|2022-09-06 19:46:56.032457+02
516|1662490720.611482|2022-09-06 20:58:40.611482+02|3/53053730|4|2|2492167|2539|283851|168024|973|1135632|0|59319734|2022-09-06 19:46:56.032457+02
517|1662490721.705555|2022-09-06 20:58:41.705555+02|3/53053730|4|2|2492167|2539|283851|168024|973|1135632|0|59425683|2022-09-06 19:46:56.032457+02
518|1662490722.786607|2022-09-06 20:58:42.786607+02|3/53053730|4|2|2492167|2539|283851|168024|973|1135632|0|59551902|2022-09-06 19:46:56.032457+02
519|1662490723.890591|2022-09-06 20:58:43.890591+02|3/53053730|4|2|2492167|2539|283851|168024|973|1135632|0|59656722|2022-09-06 19:46:56.032457+02
520|1662490724.992297|2022-09-06 20:58:44.992297+02|3/53053730|4|2|2492167|2539|283851|168024|973|1135632|0|59783364|2022-09-06 19:46:56.032457+02
521|1662490726.095884|2022-09-06 20:58:46.095884+02|3/53053730|4|2|2492167|2539|283851|168024|973|1135632|0|59888594|2022-09-06 19:46:56.032457+02
522|1662490727.184204|2022-09-06 20:58:47.184204+02|3/53053730|4|2|2492167|2539|283851|168024|973|1135632|0|60016261|2022-09-06 19:46:56.032457+02
523|1662490728.282647|2022-09-06 20:58:48.282647+02|3/53053730|4|2|2492167|2539|283851|168024|973|1135632|0|60121714|2022-09-06 19:46:56.032457+02
524|1662490729.366222|2022-09-06 20:58:49.366222+02|3/53053730|4|2|2492167|2539|283851|168024|973|1135632|0|60248749|2022-09-06 19:46:56.032457+02
525|1662490730.447807|2022-09-06 20:58:50.447807+02|3/53053730|4|2|2492167|2539|283851|168024|973|1135632|0|60356046|2022-09-06 19:46:56.032457+02
526|1662490731.528589|2022-09-06 20:58:51.528589+02|3/53053730|4|2|2492167|2539|283851|168024|973|1135632|0|60461996|2022-09-06 19:46:56.032457+02
527|1662490732.605192|2022-09-06 20:58:52.605192+02|3/53053730|4|2|2492167|2539|283851|168024|973|1135632|0|60587877|2022-09-06 19:46:56.032457+02
528|1662490733.676321|2022-09-06 20:58:53.676321+02|3/53053730|4|2|2492167|2539|283851|168024|973|1135632|0|60693346|2022-09-06 19:46:56.032457+02
529|1662490734.743307|2022-09-06 20:58:54.743307+02|3/53053730|4|2|2492167|2539|283851|168024|973|1135632|0|60800545|2022-09-06 19:46:56.032457+02
530|1662490735.828829|2022-09-06 20:58:55.828829+02|3/53053730|4|2|2492167|2539|283851|168024|973|1135632|0|60926584|2022-09-06 19:46:56.032457+02
531|1662490736.916622|2022-09-06 20:58:56.916622+02|3/53053730|4|2|2492167|2539|283851|168024|973|1135632|0|61032453|2022-09-06 19:46:56.032457+02
532|1662490738.006727|2022-09-06 20:58:58.006727+02|3/53053730|4|2|2492167|2539|283851|168024|973|1135632|0|61139375|2022-09-06 19:46:56.032457+02
533|1662490739.116859|2022-09-06 20:58:59.116859+02|3/53053730|4|2|2492167|2539|283851|168024|973|1135632|0|61266197|2022-09-06 19:46:56.032457+02
534|1662490740.210586|2022-09-06 20:59:00.210586+02|3/53053730|4|2|2492167|2539|283851|168024|973|1135632|0|61371493|2022-09-06 19:46:56.032457+02
535|1662490741.315754|2022-09-06 20:59:01.315754+02|3/53053730|4|2|2492167|2539|283851|168024|973|1135632|0|61498950|2022-09-06 19:46:56.032457+02
536|1662490742.418666|2022-09-06 20:59:02.418666+02|3/53053730|4|2|2492167|2539|283851|168024|973|1135632|0|61604104|2022-09-06 19:46:56.032457+02
537|1662490743.507184|2022-09-06 20:59:03.507184+02|3/53053730|4|2|2492167|2539|283851|168024|973|1135632|0|61731690|2022-09-06 19:46:56.032457+02
538|1662490744.631989|2022-09-06 20:59:04.631989+02|3/53053730|4|2|2492167|2539|283851|168024|973|1135632|0|61837961|2022-09-06 19:46:56.032457+02
539|1662490745.727487|2022-09-06 20:59:05.727487+02|3/53053730|4|2|2492167|2539|283851|168024|973|1135632|0|61964686|2022-09-06 19:46:56.032457+02
540|1662490746.793412|2022-09-06 20:59:06.793412+02|3/53053730|4|2|2492167|2539|283851|168024|973|1135632|0|62070943|2022-09-06 19:46:56.032457+02
541|1662490747.877569|2022-09-06 20:59:07.877569+02|3/53053730|4|2|2492167|2539|283851|168024|973|1135632|0|62175762|2022-09-06 19:46:56.032457+02
542|1662490748.960593|2022-09-06 20:59:08.960593+02|3/53053730|4|2|2492167|2539|283851|168024|973|1135632|0|62301802|2022-09-06 19:46:56.032457+02
543|1662490750.043374|2022-09-06 20:59:10.043374+02|3/53053730|4|2|2492167|2539|283851|168024|973|1135632|0|62405996|2022-09-06 19:46:56.032457+02
544|1662490751.124399|2022-09-06 20:59:11.124399+02|3/53053730|4|2|2492167|2539|283851|168024|973|1135632|0|62531574|2022-09-06 19:46:56.032457+02
545|1662490752.182542|2022-09-06 20:59:12.182542+02|3/53053730|4|2|2492167|2539|283851|168024|973|1135632|0|62636744|2022-09-06 19:46:56.032457+02
546|1662490753.257098|2022-09-06 20:59:13.257098+02|3/53053730|4|2|2492167|2539|283851|168024|973|1135632|0|62742159|2022-09-06 19:46:56.032457+02
547|1662490754.352644|2022-09-06 20:59:14.352644+02|3/53053730|4|2|2492167|2539|283851|168024|973|1135632|0|62870382|2022-09-06 19:46:56.032457+02
548|1662490755.424161|2022-09-06 20:59:15.424161+02|3/53053730|4|2|2492167|2539|283851|168024|973|1135632|0|62976811|2022-09-06 19:46:56.032457+02
549|1662490756.512334|2022-09-06 20:59:16.512334+02|3/53053730|4|2|2492167|2539|283851|168024|973|1135632|0|63082633|2022-09-06 19:46:56.032457+02
550|1662490757.599696|2022-09-06 20:59:17.599696+02|3/53053730|4|2|2492167|2539|283851|168024|973|1135632|0|63209967|2022-09-06 19:46:56.032457+02
551|1662490758.672375|2022-09-06 20:59:18.672375+02|3/53053730|4|2|2492167|2539|283851|168024|973|1135632|0|63315340|2022-09-06 19:46:56.032457+02
552|1662490759.769741|2022-09-06 20:59:19.769741+02|3/53053730|4|2|2492167|2539|283851|168024|973|1135632|0|63421012|2022-09-06 19:46:56.032457+02
553|1662490760.862280|2022-09-06 20:59:20.86228+02|3/53053730|4|2|2492167|2539|283851|168024|973|1135632|0|63548523|2022-09-06 19:46:56.032457+02
554|1662490761.945977|2022-09-06 20:59:21.945977+02|3/53053730|4|2|2492167|2539|283851|168024|973|1135632|0|63655112|2022-09-06 19:46:56.032457+02
555|1662490763.023193|2022-09-06 20:59:23.023193+02|3/53053730|4|2|2492167|2539|283851|168024|973|1135632|0|63782121|2022-09-06 19:46:56.032457+02
556|1662490764.135826|2022-09-06 20:59:24.135826+02|3/53053730|4|2|2492167|2539|283851|168024|973|1135632|0|63888117|2022-09-06 19:46:56.032457+02
557|1662490765.254656|2022-09-06 20:59:25.254656+02|3/53053730|4|2|2492167|2539|283851|168024|973|1135632|0|64016274|2022-09-06 19:46:56.032457+02
558|1662490766.313724|2022-09-06 20:59:26.313724+02|3/53053730|4|2|2492167|2539|283851|168024|973|1135632|0|64121714|2022-09-06 19:46:56.032457+02
559|1662490767.410924|2022-09-06 20:59:27.410924+02|3/53053730|4|2|2492167|2539|283851|168024|973|1135632|0|64228046|2022-09-06 19:46:56.032457+02
560|1662490768.501137|2022-09-06 20:59:28.501137+02|3/53053730|4|2|2492167|2539|283851|168024|973|1135632|0|64354589|2022-09-06 19:46:56.032457+02
561|1662490769.602690|2022-09-06 20:59:29.60269+02|3/53053730|4|2|2492167|2539|283851|168024|973|1135632|0|64460186|2022-09-06 19:46:56.032457+02
562|1662490770.688825|2022-09-06 20:59:30.688825+02|3/53053730|4|2|2492167|2539|283851|168024|973|1135632|0|64587670|2022-09-06 19:46:56.032457+02
563|1662490771.780332|2022-09-06 20:59:31.780332+02|3/53053730|4|2|2492167|2539|283851|168024|973|1135632|0|64693029|2022-09-06 19:46:56.032457+02
564|1662490772.889272|2022-09-06 20:59:32.889272+02|3/53053730|4|2|2492167|2539|283851|168024|973|1135632|0|64819495|2022-09-06 19:46:56.032457+02
565|1662490773.971578|2022-09-06 20:59:33.971578+02|3/53053730|4|2|2492167|2539|283851|168024|973|1135632|0|64925455|2022-09-06 19:46:56.032457+02
566|1662490775.030289|2022-09-06 20:59:35.030289+02|3/53053730|4|2|2492167|2539|283851|168024|973|1135632|0|65030558|2022-09-06 19:46:56.032457+02
567|1662490776.118242|2022-09-06 20:59:36.118242+02|3/53053730|4|2|2492167|2539|283851|168024|973|1135632|0|65157659|2022-09-06 19:46:56.032457+02
568|1662490777.205387|2022-09-06 20:59:37.205387+02|3/53053730|4|2|2492167|2539|283851|168024|973|1135632|0|65262505|2022-09-06 19:46:56.032457+02
569|1662490778.247077|2022-09-06 20:59:38.247077+02|3/53053730|4|2|2492167|2539|283851|168024|973|1135632|0|65369384|2022-09-06 19:46:56.032457+02
570|1662490779.309286|2022-09-06 20:59:39.309286+02|3/53053730|4|2|2492167|2539|283851|168024|973|1135632|0|65495541|2022-09-06 19:46:56.032457+02
571|1662490780.396318|2022-09-06 20:59:40.396318+02|3/53053730|4|2|2492167|2539|283851|168024|973|1135632|0|65602396|2022-09-06 19:46:56.032457+02
572|1662490781.476278|2022-09-06 20:59:41.476278+02|3/53053730|4|2|2492167|2539|283851|168024|973|1135632|0|65709037|2022-09-06 19:46:56.032457+02
573|1662490782.525755|2022-09-06 20:59:42.525755+02|3/53053730|4|2|2492167|2539|283851|168024|973|1135632|0|65836817|2022-09-06 19:46:56.032457+02
574|1662490783.642704|2022-09-06 20:59:43.642704+02|3/53053730|4|2|2492167|2539|283851|168024|973|1135632|0|65942146|2022-09-06 19:46:56.032457+02
575|1662490784.755504|2022-09-06 20:59:44.755504+02|3/53053730|4|2|2492167|2539|283851|168024|973|1135632|0|66068476|2022-09-06 19:46:56.032457+02
576|1662490785.867235|2022-09-06 20:59:45.867235+02|3/53053730|4|2|2492167|2539|283851|168024|973|1135632|0|66174397|2022-09-06 19:46:56.032457+02
577|1662490786.980332|2022-09-06 20:59:46.980332+02|3/53053730|4|2|2492167|2539|283851|168024|973|1135632|0|66301327|2022-09-06 19:46:56.032457+02
578|1662490788.064587|2022-09-06 20:59:48.064587+02|3/53053730|4|2|2492167|2539|283851|168024|973|1135632|0|66405848|2022-09-06 19:46:56.032457+02
579|1662490789.137724|2022-09-06 20:59:49.137724+02|3/53053730|4|2|2492167|2539|283851|168024|973|1135632|0|66513425|2022-09-06 19:46:56.032457+02
580|1662490790.198522|2022-09-06 20:59:50.198522+02|3/53053730|4|2|2492167|2539|283851|168024|973|1135632|0|66641327|2022-09-06 19:46:56.032457+02
581|1662490791.281182|2022-09-06 20:59:51.281182+02|3/53053730|4|2|2492167|2539|283851|168024|973|1135632|0|66747526|2022-09-06 19:46:56.032457+02
582|1662490792.345685|2022-09-06 20:59:52.345685+02|3/53053730|4|2|2492167|2539|283851|168024|973|1135632|0|66852977|2022-09-06 19:46:56.032457+02
583|1662490793.448760|2022-09-06 20:59:53.44876+02|3/53053730|4|2|2492167|2539|283851|168024|973|1135632|0|66978814|2022-09-06 19:46:56.032457+02
584|1662490794.490660|2022-09-06 20:59:54.49066+02|3/53053730|4|2|2492167|2539|283851|168024|973|1135632|0|67084342|2022-09-06 19:46:56.032457+02
585|1662490795.545346|2022-09-06 20:59:55.545346+02|3/53053730|4|2|2492167|2539|283851|168024|973|1135632|0|67189999|2022-09-06 19:46:56.032457+02
586|1662490796.644361|2022-09-06 20:59:56.644361+02|3/53053730|4|2|2492167|2539|283851|168024|973|1135632|0|67316550|2022-09-06 19:46:56.032457+02
587|1662490797.734877|2022-09-06 20:59:57.734877+02|3/53053730|4|2|2492167|2539|283851|168024|973|1135632|0|67423060|2022-09-06 19:46:56.032457+02
588|1662490798.813622|2022-09-06 20:59:58.813622+02|3/53053730|4|2|2492167|2539|283851|168024|973|1135632|0|67528199|2022-09-06 19:46:56.032457+02
589|1662490799.931121|2022-09-06 20:59:59.931121+02|3/53053730|4|2|2492167|2539|283851|168024|973|1135632|0|67654860|2022-09-06 19:46:56.032457+02
590|1662490801.005352|2022-09-06 21:00:01.005352+02|3/53053730|4|2|2492167|2539|283851|168024|973|1135632|0|67760128|2022-09-06 19:46:56.032457+02
591|1662490802.038767|2022-09-06 21:00:02.038767+02|3/53053730|4|2|2492167|2539|283851|168024|973|1135632|0|67866165|2022-09-06 19:46:56.032457+02
592|1662490803.106537|2022-09-06 21:00:03.106537+02|3/53053730|4|2|2492167|2539|283851|168024|973|1135632|0|67993626|2022-09-06 19:46:56.032457+02
593|1662490804.190561|2022-09-06 21:00:04.190561+02|3/53053730|4|2|2492167|2539|283851|168024|973|1135632|0|68100566|2022-09-06 19:46:56.032457+02
594|1662490805.278611|2022-09-06 21:00:05.278611+02|3/53053730|4|2|2492167|2539|283851|168024|973|1135632|0|68226870|2022-09-06 19:46:56.032457+02
595|1662490806.378082|2022-09-06 21:00:06.378082+02|3/53053730|4|2|2492167|2539|283851|168024|973|1135632|0|68332707|2022-09-06 19:46:56.032457+02
596|1662490807.474534|2022-09-06 21:00:07.474534+02|3/53053730|4|2|2492167|2539|283851|168024|973|1135632|0|68437324|2022-09-06 19:46:56.032457+02
597|1662490808.581884|2022-09-06 21:00:08.581884+02|3/53053730|4|2|2492167|2539|283851|168024|973|1135632|0|68566415|2022-09-06 19:46:56.032457+02
598|1662490809.662790|2022-09-06 21:00:09.66279+02|3/53053730|4|2|2492167|2539|283851|168024|973|1135632|0|68672048|2022-09-06 19:46:56.032457+02
599|1662490810.733607|2022-09-06 21:00:10.733607+02|3/53053730|4|2|2492167|2539|283851|168024|973|1135632|0|68798904|2022-09-06 19:46:56.032457+02
600|1662490811.790058|2022-09-06 21:00:11.790058+02|3/53053730|4|2|2492167|2539|283851|168024|973|1135632|0|68905996|2022-09-06 19:46:56.032457+02
601|1662490812.858252|2022-09-06 21:00:12.858252+02|3/53053730|4|2|2492167|2539|283851|168024|973|1135632|0|69011531|2022-09-06 19:46:56.032457+02
602|1662490813.940605|2022-09-06 21:00:13.940605+02|3/53053730|4|2|2492167|2539|283851|168024|973|1135632|0|69138847|2022-09-06 19:46:56.032457+02
603|1662490814.971930|2022-09-06 21:00:14.97193+02|3/53053730|4|2|2492167|2539|283851|168024|973|1135632|0|69245300|2022-09-06 19:46:56.032457+02
604|1662490816.032706|2022-09-06 21:00:16.032706+02|3/53053730|4|2|2492167|2539|283851|168024|973|1135632|0|69352526|2022-09-06 19:46:56.032457+02
605|1662490817.116366|2022-09-06 21:00:17.116366+02|3/53053730|4|2|2492167|2539|283851|168024|973|1135632|0|69459152|2022-09-06 19:46:56.032457+02
606|1662490818.213773|2022-09-06 21:00:18.213773+02|3/53053730|4|2|2492167|2539|283851|168024|973|1135632|0|69586148|2022-09-06 19:46:56.032457+02
607|1662490819.295777|2022-09-06 21:00:19.295777+02|3/53053730|4|2|2492167|2539|283851|168024|973|1135632|0|69692011|2022-09-06 19:46:56.032457+02
608|1662490820.391850|2022-09-06 21:00:20.39185+02|3/53053730|4|2|2492167|2539|283851|168024|973|1135632|0|69819652|2022-09-06 19:46:56.032457+02
609|1662490821.476594|2022-09-06 21:00:21.476594+02|3/53053730|4|2|2492167|2539|283851|168024|973|1135632|0|69924921|2022-09-06 19:46:56.032457+02
610|1662490822.562574|2022-09-06 21:00:22.562574+02|3/53053730|4|2|2492167|2539|283851|168024|973|1135632|0|70030718|2022-09-06 19:46:56.032457+02
611|1662490823.659630|2022-09-06 21:00:23.65963+02|3/53053730|4|2|2492167|2539|283851|168024|973|1135632|0|70157645|2022-09-06 19:46:56.032457+02
612|1662490824.738648|2022-09-06 21:00:24.738648+02|3/53053730|4|2|2492167|2539|283851|168024|973|1135632|0|70263689|2022-09-06 19:46:56.032457+02
613|1662490825.831924|2022-09-06 21:00:25.831924+02|3/53053730|4|2|2492167|2539|283851|168024|973|1135632|0|70392681|2022-09-06 19:46:56.032457+02
614|1662490826.934690|2022-09-06 21:00:26.93469+02|3/53053730|4|2|2492167|2539|283851|168024|973|1135632|0|70499858|2022-09-06 19:46:56.032457+02
615|1662490828.036319|2022-09-06 21:00:28.036319+02|3/53053730|4|2|2492167|2539|283851|168024|973|1135632|0|70625993|2022-09-06 19:46:56.032457+02
616|1662490829.147663|2022-09-06 21:00:29.147663+02|3/53053730|4|2|2492167|2539|283851|168024|973|1135632|0|70730917|2022-09-06 19:46:56.032457+02
617|1662490830.255319|2022-09-06 21:00:30.255319+02|3/53053730|4|2|2492167|2539|283851|168024|973|1135632|0|70856951|2022-09-06 19:46:56.032457+02
618|1662490831.346571|2022-09-06 21:00:31.346571+02|3/53053730|4|2|2492167|2539|283851|168024|973|1135632|0|70962384|2022-09-06 19:46:56.032457+02
619|1662490832.453265|2022-09-06 21:00:32.453265+02|3/53053730|4|2|2492167|2539|283851|168024|973|1135632|0|71088653|2022-09-06 19:46:56.032457+02
620|1662490833.558967|2022-09-06 21:00:33.558967+02|3/53053730|4|2|2492167|2539|283851|168024|973|1135632|0|71193859|2022-09-06 19:46:56.032457+02
621|1662490834.652254|2022-09-06 21:00:34.652254+02|3/53053730|4|2|2492167|2539|283851|168024|973|1135632|0|71299038|2022-09-06 19:46:56.032457+02
622|1662490835.756530|2022-09-06 21:00:35.75653+02|3/53053730|4|2|2492167|2539|283851|168024|973|1135632|0|71427097|2022-09-06 19:46:56.032457+02
623|1662490836.828016|2022-09-06 21:00:36.828016+02|3/53053730|4|2|2492167|2539|283851|168024|973|1135632|0|71532453|2022-09-06 19:46:56.032457+02
624|1662490837.920566|2022-09-06 21:00:37.920566+02|3/53053730|4|2|2492167|2539|283851|168024|973|1135632|0|71658995|2022-09-06 19:46:56.032457+02
625|1662490839.009450|2022-09-06 21:00:39.00945+02|3/53053730|4|2|2492167|2539|283851|168024|973|1135632|0|71765511|2022-09-06 19:46:56.032457+02
626|1662490840.106847|2022-09-06 21:00:40.106847+02|3/53053730|4|2|2492167|2539|283851|168024|973|1135632|0|71893028|2022-09-06 19:46:56.032457+02
627|1662490841.170845|2022-09-06 21:00:41.170845+02|3/53053730|4|2|2492167|2539|283851|168024|973|1135632|0|71999040|2022-09-06 19:46:56.032457+02
628|1662490842.234627|2022-09-06 21:00:42.234627+02|3/53053730|4|2|2492167|2539|283851|168024|973|1135632|0|72105231|2022-09-06 19:46:56.032457+02
629|1662490843.352329|2022-09-06 21:00:43.352329+02|3/53053730|4|2|2492167|2539|283851|168024|973|1135632|0|72231799|2022-09-06 19:46:56.032457+02
630|1662490844.438371|2022-09-06 21:00:44.438371+02|3/53053730|4|2|2492167|2539|283851|168024|973|1135632|0|72337768|2022-09-06 19:46:56.032457+02
631|1662490845.535138|2022-09-06 21:00:45.535138+02|3/53053730|4|2|2492167|2539|283851|168024|973|1135632|0|72442709|2022-09-06 19:46:56.032457+02
632|1662490846.643138|2022-09-06 21:00:46.643138+02|3/53053730|4|2|2492167|2539|283851|168024|973|1135632|0|72568928|2022-09-06 19:46:56.032457+02
633|1662490847.756716|2022-09-06 21:00:47.756716+02|3/53053730|4|2|2492167|2539|283851|168024|973|1135632|0|72694691|2022-09-06 19:46:56.032457+02
634|1662490848.837232|2022-09-06 21:00:48.837232+02|3/53053730|4|2|2492167|2539|283851|168024|973|1135632|0|72799999|2022-09-06 19:46:56.032457+02
635|1662490849.937932|2022-09-06 21:00:49.937932+02|3/53053730|4|2|2492167|2539|283851|168024|973|1135632|0|72905827|2022-09-06 19:46:56.032457+02
636|1662490851.038911|2022-09-06 21:00:51.038911+02|3/53053730|4|2|2492167|2539|283851|168024|973|1135632|0|73031913|2022-09-06 19:46:56.032457+02
637|1662490852.146434|2022-09-06 21:00:52.146434+02|3/53053730|4|2|2492167|2539|283851|168024|973|1135632|0|73137808|2022-09-06 19:46:56.032457+02
638|1662490853.240986|2022-09-06 21:00:53.240986+02|3/53053730|4|2|2492167|2539|283851|168024|973|1135632|0|73266307|2022-09-06 19:46:56.032457+02
639|1662490854.305958|2022-09-06 21:00:54.305958+02|3/53053730|4|2|2492167|2539|283851|168024|973|1135632|0|73372750|2022-09-06 19:46:56.032457+02
640|1662490855.367872|2022-09-06 21:00:55.367872+02|3/53053730|4|2|2492167|2539|283851|168024|973|1135632|0|73478668|2022-09-06 19:46:56.032457+02
641|1662490856.431023|2022-09-06 21:00:56.431023+02|3/53053730|4|2|2492167|2539|283851|168024|973|1135632|0|73605656|2022-09-06 19:46:56.032457+02
642|1662490857.522113|2022-09-06 21:00:57.522113+02|3/53053730|4|2|2492167|2539|283851|168024|973|1135632|0|73712335|2022-09-06 19:46:56.032457+02
643|1662490858.615079|2022-09-06 21:00:58.615079+02|3/53053730|4|2|2492167|2539|283851|168024|973|1135632|0|73817391|2022-09-06 19:46:56.032457+02
644|1662490859.694654|2022-09-06 21:00:59.694654+02|3/53053730|4|2|2492167|2539|283851|168024|973|1135632|0|73944716|2022-09-06 19:46:56.032457+02
645|1662490860.792483|2022-09-06 21:01:00.792483+02|3/53053730|4|2|2492167|2539|283851|168024|973|1135632|0|74051324|2022-09-06 19:46:56.032457+02
646|1662490861.885498|2022-09-06 21:01:01.885498+02|3/53053730|4|2|2492167|2539|283851|168024|973|1135632|0|74176839|2022-09-06 19:46:56.032457+02
647|1662490862.994986|2022-09-06 21:01:02.994986+02|3/53053730|4|2|2492167|2539|283851|168024|973|1135632|0|74281574|2022-09-06 19:46:56.032457+02
648|1662490864.102738|2022-09-06 21:01:04.102738+02|3/53053730|4|2|2492167|2539|283851|168024|973|1135632|0|74407397|2022-09-06 19:46:56.032457+02
649|1662490865.207137|2022-09-06 21:01:05.207137+02|3/53053730|4|2|2492167|2539|283851|168024|973|1135632|0|74512602|2022-09-06 19:46:56.032457+02
650|1662490866.306727|2022-09-06 21:01:06.306727+02|3/53053730|4|2|2492167|2539|283851|168024|973|1135632|0|74638781|2022-09-06 19:46:56.032457+02
651|1662490867.374546|2022-09-06 21:01:07.374546+02|3/53053730|4|2|2492167|2539|283851|168024|973|1135632|0|74744546|2022-09-06 19:46:56.032457+02
652|1662490868.465353|2022-09-06 21:01:08.465353+02|3/53053730|4|2|2492167|2539|283851|168024|973|1135632|0|74849830|2022-09-06 19:46:56.032457+02
653|1662490869.528516|2022-09-06 21:01:09.528516+02|3/53053730|4|2|2492167|2539|283851|168024|973|1135632|0|74976415|2022-09-06 19:46:56.032457+02
654|1662490870.598761|2022-09-06 21:01:10.598761+02|3/53053730|4|2|2492167|2539|283851|168024|973|1135632|0|75082134|2022-09-06 19:46:56.032457+02
655|1662490871.706870|2022-09-06 21:01:11.70687+02|3/53053730|4|2|2492167|2539|283851|168024|973|1135632|0|75187937|2022-09-06 19:46:56.032457+02
656|1662490872.820952|2022-09-06 21:01:12.820952+02|3/53053730|4|2|2492167|2539|283851|168024|973|1135632|0|75315284|2022-09-06 19:46:56.032457+02
657|1662490873.898577|2022-09-06 21:01:13.898577+02|3/53053730|4|2|2492167|2539|283851|168024|973|1135632|0|75420906|2022-09-06 19:46:56.032457+02
658|1662490874.990962|2022-09-06 21:01:14.990962+02|3/53053730|4|2|2492167|2539|283851|168024|973|1135632|0|75547840|2022-09-06 19:46:56.032457+02
659|1662490876.083485|2022-09-06 21:01:16.083485+02|3/53053730|4|2|2492167|2539|283851|168024|973|1135632|0|75653534|2022-09-06 19:46:56.032457+02
660|1662490877.162157|2022-09-06 21:01:17.162157+02|3/53053730|4|2|2492167|2539|283851|168024|973|1135632|0|75780588|2022-09-06 19:46:56.032457+02
661|1662490878.251419|2022-09-06 21:01:18.251419+02|3/53053730|4|2|2492167|2539|283851|168024|973|1135632|0|75886134|2022-09-06 19:46:56.032457+02
662|1662490879.347150|2022-09-06 21:01:19.34715+02|3/53053730|4|2|2492167|2539|283851|168024|973|1135632|0|75992396|2022-09-06 19:46:56.032457+02
663|1662490880.450190|2022-09-06 21:01:20.45019+02|3/53053730|4|2|2492167|2539|283851|168024|973|1135632|0|76120020|2022-09-06 19:46:56.032457+02
664|1662490881.571540|2022-09-06 21:01:21.57154+02|3/53053730|4|2|2492167|2539|283851|168024|973|1135632|0|76226603|2022-09-06 19:46:56.032457+02
665|1662490882.674262|2022-09-06 21:01:22.674262+02|3/53053730|4|2|2492167|2539|283851|168024|973|1135632|0|76353469|2022-09-06 19:46:56.032457+02
666|1662490883.747123|2022-09-06 21:01:23.747123+02|3/53053730|4|2|2492167|2539|283851|168024|973|1135632|0|76458854|2022-09-06 19:46:56.032457+02
667|1662490884.849998|2022-09-06 21:01:24.849998+02|3/53053730|4|2|2492167|2539|283851|168024|973|1135632|0|76585933|2022-09-06 19:46:56.032457+02
668|1662490885.940532|2022-09-06 21:01:25.940532+02|3/53053730|4|2|2492167|2539|283851|168024|973|1135632|0|76692268|2022-09-06 19:46:56.032457+02
669|1662490887.040506|2022-09-06 21:01:27.040506+02|3/53053730|4|2|2492167|2539|283851|168024|973|1135632|0|76820578|2022-09-06 19:46:56.032457+02
670|1662490888.127067|2022-09-06 21:01:28.127067+02|3/53053730|4|2|2492167|2539|283851|168024|973|1135632|0|76926213|2022-09-06 19:46:56.032457+02
671|1662490889.204427|2022-09-06 21:01:29.204427+02|3/53053730|4|2|2492167|2539|283851|168024|973|1135632|0|77031894|2022-09-06 19:46:56.032457+02
672|1662490890.281127|2022-09-06 21:01:30.281127+02|3/53053730|4|2|2492167|2539|283851|168024|973|1135632|0|77159291|2022-09-06 19:46:56.032457+02
673|1662490891.377027|2022-09-06 21:01:31.377027+02|3/53053730|4|2|2492167|2539|283851|168024|973|1135632|0|77266059|2022-09-06 19:46:56.032457+02
674|1662490892.467309|2022-09-06 21:01:32.467309+02|3/53053730|4|2|2492167|2539|283851|168024|973|1135632|0|77393805|2022-09-06 19:46:56.032457+02
675|1662490893.579454|2022-09-06 21:01:33.579454+02|3/53053730|4|2|2492167|2539|283851|168024|973|1135632|0|77501371|2022-09-06 19:46:56.032457+02
676|1662490894.688006|2022-09-06 21:01:34.688006+02|3/53053730|4|2|2492167|2539|283851|168024|973|1135632|0|77628701|2022-09-06 19:46:56.032457+02
677|1662490895.751806|2022-09-06 21:01:35.751806+02|3/53053730|4|2|2492167|2539|283851|168024|973|1135632|0|77734852|2022-09-06 19:46:56.032457+02
678|1662490896.815943|2022-09-06 21:01:36.815943+02|3/53053730|4|2|2492167|2539|283851|168024|973|1135632|0|77841537|2022-09-06 19:46:56.032457+02
679|1662490897.891792|2022-09-06 21:01:37.891792+02|3/53053730|4|2|2492167|2539|283851|168024|973|1135632|0|77968041|2022-09-06 19:46:56.032457+02
680|1662490898.947009|2022-09-06 21:01:38.947009+02|3/53053730|4|2|2492167|2539|283851|168024|973|1135632|0|78074093|2022-09-06 19:46:56.032457+02
681|1662490900.023302|2022-09-06 21:01:40.023302+02|3/53053730|4|2|2492167|2539|283851|168024|973|1135632|0|78180333|2022-09-06 19:46:56.032457+02
682|1662490901.088430|2022-09-06 21:01:41.08843+02|3/53053730|4|2|2492167|2539|283851|168024|973|1135632|0|78286340|2022-09-06 19:46:56.032457+02
683|1662490902.157005|2022-09-06 21:01:42.157005+02|3/53053730|4|2|2492167|2539|283851|168024|973|1135632|0|78413806|2022-09-06 19:46:56.032457+02
684|1662490903.215744|2022-09-06 21:01:43.215744+02|3/53053730|4|2|2492167|2539|283851|168024|973|1135632|0|78519532|2022-09-06 19:46:56.032457+02
685|1662490904.290857|2022-09-06 21:01:44.290857+02|3/53053730|4|2|2492167|2539|283851|168024|973|1135632|0|78627572|2022-09-06 19:46:56.032457+02
686|1662490905.388799|2022-09-06 21:01:45.388799+02|3/53053730|4|2|2492167|2539|283851|168024|973|1135632|0|78754094|2022-09-06 19:46:56.032457+02
687|1662490906.476376|2022-09-06 21:01:46.476376+02|3/53053730|4|2|2492167|2539|283851|168024|973|1135632|0|78859985|2022-09-06 19:46:56.032457+02
688|1662490907.581075|2022-09-06 21:01:47.581075+02|3/53053730|4|2|2492167|2539|283851|168024|973|1135632|0|78986835|2022-09-06 19:46:56.032457+02
689|1662490908.656416|2022-09-06 21:01:48.656416+02|3/53053730|4|2|2492167|2539|283851|168024|973|1135632|0|79092024|2022-09-06 19:46:56.032457+02
690|1662490909.744788|2022-09-06 21:01:49.744788+02|3/53053730|4|2|2492167|2539|283851|168024|973|1135632|0|79198479|2022-09-06 19:46:56.032457+02
691|1662490910.818584|2022-09-06 21:01:50.818584+02|3/53053730|4|2|2492167|2539|283851|168024|973|1135632|0|79325157|2022-09-06 19:46:56.032457+02
692|1662490911.909886|2022-09-06 21:01:51.909886+02|3/53053730|4|2|2492167|2539|283851|168024|973|1135632|0|79433889|2022-09-06 19:46:56.032457+02
693|1662490913.028907|2022-09-06 21:01:53.028907+02|3/53053730|4|2|2492167|2539|283851|168024|973|1135632|0|79565304|2022-09-06 19:46:56.032457+02
694|1662490914.112001|2022-09-06 21:01:54.112001+02|3/53053730|4|2|2492167|2539|283851|168024|973|1135632|0|79671419|2022-09-06 19:46:56.032457+02
695|1662490915.232771|2022-09-06 21:01:55.232771+02|3/53053730|4|2|2492167|2539|283851|168024|973|1135632|0|79797834|2022-09-06 19:46:56.032457+02
696|1662490916.331447|2022-09-06 21:01:56.331447+02|3/53053730|4|2|2492167|2539|283851|168024|973|1135632|0|79903172|2022-09-06 19:46:56.032457+02
697|1662490917.425086|2022-09-06 21:01:57.425086+02|3/53053730|4|2|2492167|2539|283851|168024|973|1135632|0|80030017|2022-09-06 19:46:56.032457+02
698|1662490918.492434|2022-09-06 21:01:58.492434+02|3/53053730|4|2|2492167|2539|283851|168024|973|1135632|0|80136358|2022-09-06 19:46:56.032457+02
699|1662490919.579407|2022-09-06 21:01:59.579407+02|3/53053730|4|2|2492167|2539|283851|168024|973|1135632|0|80241978|2022-09-06 19:46:56.032457+02
700|1662490920.642126|2022-09-06 21:02:00.642126+02|3/53053730|4|2|2492167|2539|283851|168024|973|1135632|0|80368518|2022-09-06 19:46:56.032457+02
701|1662490921.719697|2022-09-06 21:02:01.719697+02|3/53053730|4|2|2492167|2539|283851|168024|973|1135632|0|80474196|2022-09-06 19:46:56.032457+02
702|1662490922.805257|2022-09-06 21:02:02.805257+02|3/53053730|4|2|2492167|2539|283851|168024|973|1135632|0|80580225|2022-09-06 19:46:56.032457+02
703|1662490923.889995|2022-09-06 21:02:03.889995+02|3/53053730|4|2|2492167|2539|283851|168024|973|1135632|0|80706274|2022-09-06 19:46:56.032457+02
704|1662490924.989952|2022-09-06 21:02:04.989952+02|3/53053730|4|2|2492167|2539|283851|168024|973|1135632|0|80812906|2022-09-06 19:46:56.032457+02
705|1662490926.083994|2022-09-06 21:02:06.083994+02|3/53053730|4|2|2492167|2539|283851|168024|973|1135632|0|80939158|2022-09-06 19:46:56.032457+02
706|1662490927.167943|2022-09-06 21:02:07.167943+02|3/53053730|4|2|2492167|2539|283851|168024|973|1135632|0|81045953|2022-09-06 19:46:56.032457+02
707|1662490928.235893|2022-09-06 21:02:08.235893+02|3/53053730|4|2|2492167|2539|283851|168024|973|1135632|0|81152973|2022-09-06 19:46:56.032457+02
708|1662490929.305286|2022-09-06 21:02:09.305286+02|3/53053730|4|2|2492167|2539|283851|168024|973|1135632|0|81279376|2022-09-06 19:46:56.032457+02
709|1662490930.380874|2022-09-06 21:02:10.380874+02|3/53053730|4|2|2492167|2539|283851|168024|973|1135632|0|81384968|2022-09-06 19:46:56.032457+02
710|1662490931.477616|2022-09-06 21:02:11.477616+02|3/53053730|4|2|2492167|2539|283851|168024|973|1135632|0|81491106|2022-09-06 19:46:56.032457+02
711|1662490932.547164|2022-09-06 21:02:12.547164+02|3/53053730|4|2|2492167|2539|283851|168024|973|1135632|0|81617671|2022-09-06 19:46:56.032457+02
712|1662490933.632421|2022-09-06 21:02:13.632421+02|3/53053730|4|2|2492167|2539|283851|168024|973|1135632|0|81722393|2022-09-06 19:46:56.032457+02
713|1662490934.731882|2022-09-06 21:02:14.731882+02|3/53053730|4|2|2492167|2539|283851|168024|973|1135632|0|81850411|2022-09-06 19:46:56.032457+02
714|1662490935.818810|2022-09-06 21:02:15.81881+02|3/53053730|4|2|2492167|2539|283851|168024|973|1135632|0|81955334|2022-09-06 19:46:56.032457+02
715|1662490936.888537|2022-09-06 21:02:16.888537+02|3/53053730|4|2|2492167|2539|283851|168024|973|1135632|0|82060890|2022-09-06 19:46:56.032457+02
716|1662490937.989913|2022-09-06 21:02:17.989913+02|3/53053730|4|2|2492167|2539|283851|168024|973|1135632|0|82187215|2022-09-06 19:46:56.032457+02
717|1662490939.078649|2022-09-06 21:02:19.078649+02|3/53053730|4|2|2492167|2539|283851|168024|973|1135632|0|82292171|2022-09-06 19:46:56.032457+02
718|1662490940.170626|2022-09-06 21:02:20.170626+02|3/53053730|4|2|2492167|2539|283851|168024|973|1135632|0|82418728|2022-09-06 19:46:56.032457+02
719|1662490941.279696|2022-09-06 21:02:21.279696+02|3/53053730|4|2|2492167|2539|283851|168024|973|1135632|0|82524138|2022-09-06 19:46:56.032457+02
720|1662490942.363043|2022-09-06 21:02:22.363043+02|3/53053730|4|2|2492167|2539|283851|168024|973|1135632|0|82629612|2022-09-06 19:46:56.032457+02
721|1662490943.479760|2022-09-06 21:02:23.47976+02|3/53053730|4|2|2492167|2539|283851|168024|973|1135632|0|82757638|2022-09-06 19:46:56.032457+02
722|1662490944.570759|2022-09-06 21:02:24.570759+02|3/53053730|4|2|2492167|2539|283851|168024|973|1135632|0|82862353|2022-09-06 19:46:56.032457+02
723|1662490945.644172|2022-09-06 21:02:25.644172+02|3/53053730|4|2|2492167|2539|283851|168024|973|1135632|0|82988047|2022-09-06 19:46:56.032457+02
724|1662490946.755981|2022-09-06 21:02:26.755981+02|3/53053730|4|2|2492167|2539|283851|168024|973|1135632|0|83093767|2022-09-06 19:46:56.032457+02
725|1662490947.866770|2022-09-06 21:02:27.86677+02|3/53053730|4|2|2492167|2539|283851|168024|973|1135632|0|83220494|2022-09-06 19:46:56.032457+02
726|1662490948.953677|2022-09-06 21:02:28.953677+02|3/53053730|4|2|2492167|2539|283851|168024|973|1135632|0|83325404|2022-09-06 19:46:56.032457+02
727|1662490950.050816|2022-09-06 21:02:30.050816+02|3/53053730|4|2|2492167|2539|283851|168024|973|1135632|0|83451612|2022-09-06 19:46:56.032457+02
728|1662490951.162119|2022-09-06 21:02:31.162119+02|3/53053730|4|2|2492167|2539|283851|168024|973|1135632|0|83556330|2022-09-06 19:46:56.032457+02
729|1662490952.256229|2022-09-06 21:02:32.256229+02|3/53053730|4|2|2492167|2539|283851|168024|973|1135632|0|83684157|2022-09-06 19:46:56.032457+02
730|1662490953.354437|2022-09-06 21:02:33.354437+02|3/53053730|4|2|2492167|2539|283851|168024|973|1135632|0|83789656|2022-09-06 19:46:56.032457+02
731|1662490954.435081|2022-09-06 21:02:34.435081+02|3/53053730|4|2|2492167|2539|283851|168024|973|1135632|0|83896060|2022-09-06 19:46:56.032457+02
732|1662490955.533927|2022-09-06 21:02:35.533927+02|3/53053730|4|2|2492167|2539|283851|168024|973|1135632|0|84022951|2022-09-06 19:46:56.032457+02
733|1662490956.637319|2022-09-06 21:02:36.637319+02|3/53053730|4|2|2492167|2539|283851|168024|973|1135632|0|84128820|2022-09-06 19:46:56.032457+02
734|1662490957.714892|2022-09-06 21:02:37.714892+02|3/53053730|4|2|2492167|2539|283851|168024|973|1135632|0|84259915|2022-09-06 19:46:56.032457+02
735|1662490958.786951|2022-09-06 21:02:38.786951+02|3/53053730|4|2|2492167|2539|283851|168024|973|1135632|0|84365894|2022-09-06 19:46:56.032457+02
736|1662490959.883323|2022-09-06 21:02:39.883323+02|3/53053730|4|2|2492167|2539|283851|168024|973|1135632|0|84472080|2022-09-06 19:46:56.032457+02
737|1662490960.961472|2022-09-06 21:02:40.961472+02|3/53053730|4|2|2492167|2539|283851|168024|973|1135632|0|84598815|2022-09-06 19:46:56.032457+02
738|1662490962.015275|2022-09-06 21:02:42.015275+02|3/53053730|4|2|2492167|2539|283851|168024|973|1135632|0|84703415|2022-09-06 19:46:56.032457+02
739|1662490963.098417|2022-09-06 21:02:43.098417+02|3/53053730|4|2|2492167|2539|283851|168024|973|1135632|0|84808772|2022-09-06 19:46:56.032457+02
740|1662490964.179765|2022-09-06 21:02:44.179765+02|3/53053730|4|2|2492167|2539|283851|168024|973|1135632|0|84935372|2022-09-06 19:46:56.032457+02
741|1662490965.260056|2022-09-06 21:02:45.260056+02|3/53053730|4|2|2492167|2539|283851|168024|973|1135632|0|85040399|2022-09-06 19:46:56.032457+02
742|1662490966.332505|2022-09-06 21:02:46.332505+02|3/53053730|4|2|2492167|2539|283851|168024|973|1135632|0|85146478|2022-09-06 19:46:56.032457+02
743|1662490967.435951|2022-09-06 21:02:47.435951+02|3/53053730|4|2|2492167|2539|283851|168024|973|1135632|0|85273038|2022-09-06 19:46:56.032457+02
744|1662490968.540540|2022-09-06 21:02:48.54054+02|3/53053730|4|2|2492167|2539|283851|168024|973|1135632|0|85378909|2022-09-06 19:46:56.032457+02
745|1662490969.628907|2022-09-06 21:02:49.628907+02|3/53053730|4|2|2492167|2539|283851|168024|973|1135632|0|85505665|2022-09-06 19:46:56.032457+02
746|1662490970.718212|2022-09-06 21:02:50.718212+02|3/53053730|4|2|2492167|2539|283851|168024|973|1135632|0|85612203|2022-09-06 19:46:56.032457+02
747|1662490971.823446|2022-09-06 21:02:51.823446+02|3/53053730|4|2|2492167|2539|283851|168024|973|1135632|0|85739133|2022-09-06 19:46:56.032457+02
748|1662490972.885741|2022-09-06 21:02:52.885741+02|3/53053730|4|2|2492167|2539|283851|168024|973|1135632|0|85843717|2022-09-06 19:46:56.032457+02
749|1662490973.960537|2022-09-06 21:02:53.960537+02|3/53053730|4|2|2492167|2539|283851|168024|973|1135632|0|85948637|2022-09-06 19:46:56.032457+02
750|1662490975.049844|2022-09-06 21:02:55.049844+02|3/53053730|4|2|2492167|2539|283851|168024|973|1135632|0|86075300|2022-09-06 19:46:56.032457+02
751|1662490976.156149|2022-09-06 21:02:56.156149+02|3/53053730|4|2|2492167|2539|283851|168024|973|1135632|0|86181626|2022-09-06 19:46:56.032457+02
752|1662490977.275064|2022-09-06 21:02:57.275064+02|3/53053730|4|2|2492167|2539|283851|168024|973|1135632|0|86309225|2022-09-06 19:46:56.032457+02
753|1662490978.381102|2022-09-06 21:02:58.381102+02|3/53053730|4|2|2492167|2539|283851|168024|973|1135632|0|86414410|2022-09-06 19:46:56.032457+02
754|1662490979.462826|2022-09-06 21:02:59.462826+02|3/53053730|4|2|2492167|2539|283851|168024|973|1135632|0|86540498|2022-09-06 19:46:56.032457+02
755|1662490980.566335|2022-09-06 21:03:00.566335+02|3/53053730|4|2|2492167|2539|283851|168024|973|1135632|0|86645559|2022-09-06 19:46:56.032457+02
756|1662490981.662427|2022-09-06 21:03:01.662427+02|3/53053730|4|2|2492167|2539|283851|168024|973|1135632|0|86771596|2022-09-06 19:46:56.032457+02
757|1662490982.752358|2022-09-06 21:03:02.752358+02|3/53053730|4|2|2492167|2539|283851|168024|973|1135632|0|86877476|2022-09-06 19:46:56.032457+02
758|1662490983.844345|2022-09-06 21:03:03.844345+02|3/53053730|4|2|2492167|2539|283851|168024|973|1135632|0|86983338|2022-09-06 19:46:56.032457+02
759|1662490984.957303|2022-09-06 21:03:04.957303+02|3/53053730|4|2|2492167|2539|283851|168024|973|1135632|0|87111097|2022-09-06 19:46:56.032457+02
760|1662490986.038508|2022-09-06 21:03:06.038508+02|3/53053730|4|2|2492167|2539|283851|168024|973|1135632|0|87217248|2022-09-06 19:46:56.032457+02
761|1662490987.127381|2022-09-06 21:03:07.127381+02|3/53053730|4|2|2492167|2539|283851|168024|973|1135632|0|87343272|2022-09-06 19:46:56.032457+02
762|1662490988.198251|2022-09-06 21:03:08.198251+02|3/53053730|4|2|2492167|2539|283851|168024|973|1135632|0|87448344|2022-09-06 19:46:56.032457+02
763|1662490989.271867|2022-09-06 21:03:09.271867+02|3/53053730|4|2|2492167|2539|283851|168024|973|1135632|0|87553490|2022-09-06 19:46:56.032457+02
764|1662490990.364574|2022-09-06 21:03:10.364574+02|3/53053730|4|2|2492167|2539|283851|168024|973|1135632|0|87680130|2022-09-06 19:46:56.032457+02
765|1662490991.471228|2022-09-06 21:03:11.471228+02|3/53053730|4|2|2492167|2539|283851|168024|973|1135632|0|87784547|2022-09-06 19:46:56.032457+02
766|1662490992.581812|2022-09-06 21:03:12.581812+02|3/53053730|4|2|2492167|2539|283851|168024|973|1135632|0|87910511|2022-09-06 19:46:56.032457+02
767|1662490993.682537|2022-09-06 21:03:13.682537+02|3/53053730|4|2|2492167|2539|283851|168024|973|1135632|0|88015679|2022-09-06 19:46:56.032457+02
768|1662490994.782039|2022-09-06 21:03:14.782039+02|3/53053730|5|2|2492167|2539|283856|168024|973|1168901|0|88142647|2022-09-06 19:46:56.032457+02
769|1662490995.880780|2022-09-06 21:03:15.88078+02|3/53053730|5|2|2492167|2539|283867|168024|973|1168901|0|88248641|2022-09-06 19:46:56.032457+02
770|1662490996.977996|2022-09-06 21:03:16.977996+02|3/53053730|5|2|2492167|2539|283878|168024|973|1168901|0|88375277|2022-09-06 19:46:56.032457+02
771|1662490998.046229|2022-09-06 21:03:18.046229+02|3/530537E0|5|2|2492167|2539|283888|168024|973|1168901|0|88482014|2022-09-06 19:46:56.032457+02
772|1662490999.104132|2022-09-06 21:03:19.104132+02|3/53053818|5|2|2495875|2552|283888|168024|973|1168901|0|88583759|2022-09-06 19:46:56.032457+02
773|1662491000.170199|2022-09-06 21:03:20.170199+02|3/53053818|5|2|2495875|2552|283888|168024|973|1168901|0|88711203|2022-09-06 19:46:56.032457+02
774|1662491001.256184|2022-09-06 21:03:21.256184+02|3/53053818|5|2|2495875|2552|283888|168024|973|1168901|0|88817483|2022-09-06 19:46:56.032457+02
775|1662491002.368600|2022-09-06 21:03:22.3686+02|3/53053818|5|2|2495875|2552|283888|168024|973|1168901|0|88922029|2022-09-06 19:46:56.032457+02
776|1662491003.459363|2022-09-06 21:03:23.459363+02|3/53053818|5|2|2495875|2552|283888|168024|973|1168901|0|89048511|2022-09-06 19:46:56.032457+02
777|1662491004.550694|2022-09-06 21:03:24.550694+02|3/53053818|5|2|2495875|2552|283888|168024|973|1168901|0|89154130|2022-09-06 19:46:56.032457+02
778|1662491005.653210|2022-09-06 21:03:25.65321+02|3/53053818|5|2|2495875|2552|283888|168024|973|1168901|0|89279443|2022-09-06 19:46:56.032457+02
779|1662491006.756974|2022-09-06 21:03:26.756974+02|3/53053818|5|2|2495875|2552|283888|168024|973|1168901|0|89385985|2022-09-06 19:46:56.032457+02
780|1662491007.854680|2022-09-06 21:03:27.85468+02|3/53053818|5|2|2495875|2552|283888|168024|973|1168901|0|89512257|2022-09-06 19:46:56.032457+02
781|1662491008.932073|2022-09-06 21:03:28.932073+02|3/53053818|5|2|2495875|2552|283888|168024|973|1168901|0|89619321|2022-09-06 19:46:56.032457+02
782|1662491009.999010|2022-09-06 21:03:29.99901+02|3/53053818|5|2|2495875|2552|283888|168024|973|1168901|0|89724389|2022-09-06 19:46:56.032457+02
783|1662491011.082043|2022-09-06 21:03:31.082043+02|3/53053818|5|2|2495875|2552|283888|168024|973|1168901|0|89850126|2022-09-06 19:46:56.032457+02
784|1662491012.196178|2022-09-06 21:03:32.196178+02|3/53053818|5|2|2495875|2552|283888|168024|973|1168901|0|89955990|2022-09-06 19:46:56.032457+02
785|1662491013.293987|2022-09-06 21:03:33.293987+02|3/53053818|5|2|2495875|2552|283888|168024|973|1168901|0|90082644|2022-09-06 19:46:56.032457+02
786|1662491014.404827|2022-09-06 21:03:34.404827+02|3/53053818|5|2|2495875|2552|283888|168024|973|1168901|0|90187303|2022-09-06 19:46:56.032457+02
787|1662491015.480686|2022-09-06 21:03:35.480686+02|3/53053818|5|2|2495875|2552|283888|168024|973|1168901|0|90313363|2022-09-06 19:46:56.032457+02
788|1662491016.555247|2022-09-06 21:03:36.555247+02|3/53053818|5|2|2495875|2552|283888|168024|973|1168901|0|90419100|2022-09-06 19:46:56.032457+02
789|1662491017.656822|2022-09-06 21:03:37.656822+02|3/53053818|5|2|2495875|2552|283888|168024|973|1168901|0|90524960|2022-09-06 19:46:56.032457+02
790|1662491018.759720|2022-09-06 21:03:38.75972+02|3/53053818|5|2|2495875|2552|283888|168024|973|1168901|0|90652036|2022-09-06 19:46:56.032457+02
791|1662491019.843457|2022-09-06 21:03:39.843457+02|3/53053818|5|2|2495875|2552|283888|168024|973|1168901|0|90757203|2022-09-06 19:46:56.032457+02
792|1662491020.936152|2022-09-06 21:03:40.936152+02|3/53053818|5|2|2495875|2552|283888|168024|973|1168901|0|90884231|2022-09-06 19:46:56.032457+02
793|1662491022.022042|2022-09-06 21:03:42.022042+02|3/53053818|5|2|2495875|2552|283888|168024|973|1168901|0|90990096|2022-09-06 19:46:56.032457+02
794|1662491023.087593|2022-09-06 21:03:43.087593+02|3/53053818|5|2|2495875|2552|283888|168024|973|1168901|0|91096504|2022-09-06 19:46:56.032457+02
795|1662491024.175228|2022-09-06 21:03:44.175228+02|3/53053818|5|2|2495875|2552|283888|168024|973|1168901|0|91222891|2022-09-06 19:46:56.032457+02
796|1662491025.269601|2022-09-06 21:03:45.269601+02|3/53053818|5|2|2495875|2552|283888|168024|973|1168901|0|91328140|2022-09-06 19:46:56.032457+02
797|1662491026.359529|2022-09-06 21:03:46.359529+02|3/53053818|5|2|2495875|2552|283888|168024|973|1168901|0|91455719|2022-09-06 19:46:56.032457+02
798|1662491027.447056|2022-09-06 21:03:47.447056+02|3/53053818|5|2|2495875|2552|283888|168024|973|1168901|0|91565392|2022-09-06 19:46:56.032457+02
799|1662491028.549530|2022-09-06 21:03:48.54953+02|3/53053818|5|2|2495875|2552|283888|168024|973|1168901|0|91691758|2022-09-06 19:46:56.032457+02
800|1662491029.624407|2022-09-06 21:03:49.624407+02|3/53053818|5|2|2495875|2552|283888|168024|973|1168901|0|91798180|2022-09-06 19:46:56.032457+02
801|1662491030.703024|2022-09-06 21:03:50.703024+02|3/53053818|5|2|2495875|2552|283888|168024|973|1168901|0|91904030|2022-09-06 19:46:56.032457+02
802|1662491031.802170|2022-09-06 21:03:51.80217+02|3/53053818|5|2|2495875|2552|283888|168024|973|1168901|0|92030781|2022-09-06 19:46:56.032457+02
803|1662491032.929335|2022-09-06 21:03:52.929335+02|3/53053818|5|2|2495875|2552|283888|168024|973|1168901|0|92136098|2022-09-06 19:46:56.032457+02
804|1662491034.028860|2022-09-06 21:03:54.02886+02|3/53053818|5|2|2495875|2552|283888|168024|973|1168901|0|92262382|2022-09-06 19:46:56.032457+02
805|1662491035.103890|2022-09-06 21:03:55.10389+02|3/53053818|5|2|2495875|2552|283888|168024|973|1168901|0|92368465|2022-09-06 19:46:56.032457+02
806|1662491036.198194|2022-09-06 21:03:56.198194+02|3/53053818|5|2|2495875|2552|283888|168024|973|1168901|0|92476603|2022-09-06 19:46:56.032457+02
807|1662491037.292589|2022-09-06 21:03:57.292589+02|3/53053818|5|2|2495875|2552|283888|168024|973|1168901|0|92605002|2022-09-06 19:46:56.032457+02
808|1662491038.385837|2022-09-06 21:03:58.385837+02|3/53053818|5|2|2495875|2552|283888|168024|973|1168901|0|92711445|2022-09-06 19:46:56.032457+02
809|1662491039.474876|2022-09-06 21:03:59.474876+02|3/53053818|5|2|2495875|2552|283888|168024|973|1168901|0|92838314|2022-09-06 19:46:56.032457+02
810|1662491040.569082|2022-09-06 21:04:00.569082+02|3/53053818|5|2|2495875|2552|283888|168024|973|1168901|0|92944236|2022-09-06 19:46:56.032457+02
811|1662491041.661119|2022-09-06 21:04:01.661119+02|3/53053818|5|2|2495875|2552|283888|168024|973|1168901|0|93070344|2022-09-06 19:46:56.032457+02
812|1662491042.757642|2022-09-06 21:04:02.757642+02|3/53053818|5|2|2495875|2552|283888|168024|973|1168901|0|93179162|2022-09-06 19:46:56.032457+02
813|1662491043.851891|2022-09-06 21:04:03.851891+02|3/53053818|5|2|2495875|2552|283888|168024|973|1168901|0|93305551|2022-09-06 19:46:56.032457+02
814|1662491044.945383|2022-09-06 21:04:04.945383+02|3/53053818|5|2|2495875|2552|283888|168024|973|1168901|0|93411557|2022-09-06 19:46:56.032457+02
815|1662491046.050764|2022-09-06 21:04:06.050764+02|3/53053818|5|2|2495875|2552|283888|168024|973|1168901|0|93518269|2022-09-06 19:46:56.032457+02
816|1662491047.119328|2022-09-06 21:04:07.119328+02|3/53053818|5|2|2495875|2552|283888|168024|973|1168901|0|93645352|2022-09-06 19:46:56.032457+02
817|1662491048.195593|2022-09-06 21:04:08.195593+02|3/53053818|5|2|2495875|2552|283888|168024|973|1168901|0|93751443|2022-09-06 19:46:56.032457+02
818|1662491049.298591|2022-09-06 21:04:09.298591+02|3/53053818|5|2|2495875|2552|283888|168024|973|1168901|0|93878771|2022-09-06 19:46:56.032457+02
819|1662491050.404740|2022-09-06 21:04:10.40474+02|3/53053818|5|2|2495875|2552|283888|168024|973|1168901|0|93984219|2022-09-06 19:46:56.032457+02
820|1662491051.484794|2022-09-06 21:04:11.484794+02|3/53053818|5|2|2495875|2552|283888|168024|973|1168901|0|94089492|2022-09-06 19:46:56.032457+02
821|1662491052.564119|2022-09-06 21:04:12.564119+02|3/53053818|5|2|2495875|2552|283888|168024|973|1168901|0|94216835|2022-09-06 19:46:56.032457+02
822|1662491053.661616|2022-09-06 21:04:13.661616+02|3/53053818|5|2|2495875|2552|283888|168024|973|1168901|0|94322264|2022-09-06 19:46:56.032457+02
823|1662491054.747359|2022-09-06 21:04:14.747359+02|3/53053818|5|2|2495875|2552|283888|168024|973|1168901|0|94452456|2022-09-06 19:46:56.032457+02
824|1662491055.864268|2022-09-06 21:04:15.864268+02|3/53053818|5|2|2495875|2552|283888|168024|973|1168901|0|94558695|2022-09-06 19:46:56.032457+02
825|1662491056.962373|2022-09-06 21:04:16.962373+02|3/53053818|5|2|2495875|2552|283888|168024|973|1168901|0|94685366|2022-09-06 19:46:56.032457+02
826|1662491058.065168|2022-09-06 21:04:18.065168+02|3/53053818|5|2|2495875|2552|283888|168024|973|1168901|0|94791050|2022-09-06 19:46:56.032457+02
